# OCT iter       8733;   J_T =   3.180801770175E-02;   pulse_id =          1                                                                                                                                                                                   
#               time [ns]           Re(ampl) [MHz]           Im(ampl) [MHz]
   5.00417014178482014E-02  4.04336521089973706E-03  3.87792857993419192E-03
   1.50125104253544611E-01  3.46719136965774055E-02  4.20321268286521915E-02
   2.50208507089240972E-01  1.09016915195594449E-01  1.35720496737297136E-01
   3.50291909924937417E-01  2.62468090867721382E-01  2.76775477851125218E-01
   4.50375312760633806E-01  5.11787231805303278E-01  4.14740557361480577E-01
   5.50458715596330195E-01  8.13592406912367450E-01  4.92377662329855248E-01
   6.50542118432026584E-01  1.07564313993193506E+00  5.11482842328705667E-01
   7.50625521267723084E-01  1.23112810211279000E+00  5.65456709608890606E-01
   8.50708924103419362E-01  1.32152832366889705E+00  7.89347157990479276E-01
   9.50792326939115751E-01  1.50668596843712521E+00  1.24649511468368357E+00
   1.05087572977481214E+00  1.96611573010202600E+00  1.83934307471959446E+00
   1.15095913261050864E+00  2.74735656607857592E+00  2.33598083879501806E+00
   1.25104253544620514E+00  3.68208944174282715E+00  2.52480774059353763E+00
   1.35112593828190142E+00  4.46430660050370332E+00  2.39854104287744629E+00
   1.45120934111759792E+00  4.86852494278493175E+00  2.21602011276140187E+00
   1.55129274395329420E+00  4.95961914515759705E+00  2.35556398210708551E+00
   1.65137614678899047E+00  5.11532154918482096E+00  3.02842146552301505E+00
   1.75145954962468697E+00  5.79485480522911534E+00  4.05429279372153140E+00
   1.85154295246038325E+00  7.17935212712363047E+00  4.89790173461683231E+00
   1.95162635529607975E+00  8.94162813098590448E+00  5.00161096177100895E+00
   2.05170975813177625E+00  1.03588202367349069E+01  4.22356397292986951E+00
   2.15179316096747275E+00  1.07632102180644260E+01  3.06665958606838185E+00
   2.25187656380316881E+00  1.00671980777557355E+01  2.47354433374386051E+00
   2.35195996663886531E+00  8.98408151937438504E+00  3.24049656925573526E+00
   2.45204336947456181E+00  8.71115699372844254E+00  5.39905818468414100E+00
   2.55212677231025831E+00  1.01901909444880463E+01  8.01123053098600124E+00
   2.65221017514595481E+00  1.33920608788165456E+01  9.60998965057082444E+00
   2.75229357798165131E+00  1.71367092905135365E+01  9.09438551509881954E+00
   2.85237698081734736E+00  1.96656345859662132E+01  6.53546409848131660E+00
   2.95246038365304386E+00  1.96949980104807061E+01  3.33042950389459813E+00
   3.05254378648874036E+00  1.73145910229930493E+01  1.50972961718690568E+00
   3.15262718932443686E+00  1.41222303240929978E+01  2.54281841687142851E+00
   3.25271059216013336E+00  1.24155438680044661E+01  6.35864232012564656E+00
   3.35279399499582942E+00  1.38598180274639375E+01  1.12354368440519181E+01
   3.45287739783152592E+00  1.84366326903298550E+01  1.47142756171174671E+01
   3.55296080066722242E+00  2.43710575715438438E+01  1.50337711893180757E+01
   3.65304420350291892E+00  2.91489585838400203E+01  1.21969593867533810E+01
   3.75312760633861542E+00  3.10217710888764984E+01  7.96259551793633769E+00
   3.85321100917431192E+00  3.00393018585663860E+01  4.72940213720876024E+00
   3.95329441201000797E+00  2.79266788866657407E+01  4.01816223885641133E+00
   4.05337781484570492E+00  2.68719306800622242E+01  5.54644390370051621E+00
   4.15346121768140097E+00  2.80204475671106223E+01  7.52048724626452003E+00
   4.25354462051709703E+00  3.06917669517054179E+01  7.96998383502804142E+00
   4.35362802335279397E+00  3.28850862679167761E+01  6.23994004552257309E+00
   4.45371142618849003E+00  3.27901757353032721E+01  3.59693193361847774E+00
   4.55379482902418697E+00  3.03002213604912676E+01  2.44115232408765337E+00
   4.65387823185988303E+00  2.74222713378559568E+01  4.54886069623617129E+00
   4.75396163469557909E+00  2.71410145392153446E+01  9.51213913837932346E+00
   4.85404503753127603E+00  3.13494439560772342E+01  1.45467465788724208E+01
   4.95412844036697209E+00  3.92079735788833261E+01  1.60038689000196257E+01
   5.05421184320266903E+00  4.71546313437479370E+01  1.17530885589421512E+01
   5.15429524603836509E+00  5.07790529825389783E+01  2.90605964250202486E+00
   5.25437864887406114E+00  4.75342291425688259E+01 -6.35868720561463174E+00
   5.35446205170975809E+00  3.86107224109409302E+01 -1.09748446953434780E+01
   5.45454545454545414E+00  2.86830122433171013E+01 -7.99321857440873895E+00
   5.55462885738115109E+00  2.34696397563627031E+01  1.40008517177453218E+00
   5.65471226021684714E+00  2.64224512784953909E+01  1.22090102119007664E+01
   5.75479566305254320E+00  3.65239558499512853E+01  1.82952901464769013E+01
   5.85487906588824014E+00  4.86288814230319844E+01  1.59116606563088805E+01
   5.95496246872393620E+00  5.62827937970620553E+01  5.98541772726960808E+00
   6.05504587155963314E+00  5.54075458382871133E+01 -6.28587025429129120E+00
   6.15512927439532920E+00  4.66606837409103008E+01 -1.43550355817262485E+01
   6.25521267723102614E+00  3.50445686766332898E+01 -1.40545529354641978E+01
   6.35529608006672220E+00  2.69903885109332151E+01 -5.92265154980288067E+00
   6.45537948290241825E+00  2.66612114574478554E+01  5.24578658632243844E+00
   6.55546288573811431E+00  3.36817959413186259E+01  1.33219098564519829E+01
   6.65554628857381125E+00  4.36259642849844553E+01  1.44457220281653260E+01
   6.75562969140950731E+00  5.09034248709166448E+01  9.11734618361573546E+00
   6.85571309424520425E+00  5.22158504835699304E+01  1.53370728191392036E+00
   6.95579649708090031E+00  4.84098708966805233E+01 -3.34442086023774010E+00
   7.05587989991659725E+00  4.35827554984341461E+01 -3.06980296982161160E+00
   7.15596330275229242E+00  4.20784089802700834E+01  8.14076074185086984E-01
   7.25604670558799025E+00  4.54025383232602024E+01  4.05192743379284170E+00
   7.35613010842368542E+00  5.11417135110655110E+01  2.82394774140502580E+00
   7.45621351125938236E+00  5.46271286411633810E+01 -3.38780567738394156E+00
   7.55629691409507842E+00  5.22408576271508664E+01 -1.11850573992918996E+01
   7.65638031693077536E+00  4.41520743173638124E+01 -1.53723158290937416E+01
   7.75646371976647142E+00  3.46074113395721028E+01 -1.24790737135528307E+01
   7.85654712260216836E+00  2.94557382562509602E+01 -3.38378511576338514E+00
   7.95663052543786442E+00  3.23890783696965343E+01  6.77179214726594836E+00
   8.05671392827356136E+00  4.22956993987388259E+01  1.15071520133840099E+01
   8.15679733110925653E+00  5.35253843975199644E+01  7.04699362857361589E+00
   8.25688073394495348E+00  5.90732435206079813E+01 -5.05770196119282200E+00
   8.35696413678065042E+00  5.48132018632628117E+01 -1.84853561392078376E+01
   8.45704753961634736E+00  4.21698392183006732E+01 -2.56839570055757278E+01
   8.55713094245204253E+00  2.75123022820006540E+01 -2.23197824160723677E+01
   8.65721434528773948E+00  1.85474007345294361E+01 -9.93539319803133658E+00
   8.75729774812343464E+00  1.98407455832127546E+01  4.83453118116551384E+00
   8.85738115095913336E+00  3.01465713054441586E+01  1.40622401654419100E+01
   8.95746455379482853E+00  4.31400154060469632E+01  1.30945452048186528E+01
   9.05754795663052548E+00  5.11092008875251196E+01  3.19387871983942651E+00
   9.15763135946622064E+00  4.94218093128763911E+01 -9.28434858769728599E+00
   9.25771476230191759E+00  3.91423898563945158E+01 -1.66705615816400154E+01
   9.35779816513761453E+00  2.62737564509798460E+01 -1.44689152297640664E+01
   9.45788156797331148E+00  1.81044082532722612E+01 -3.88225222918310475E+00
   9.55796497080900664E+00  1.88932717207048491E+01  9.11343859703353587E+00
   9.65804837364470181E+00  2.75135131148917438E+01  1.75083700423824737E+01
   9.75813177648039876E+00  3.84170344076025714E+01  1.74491896750040283E+01
   9.85821517931609570E+00  4.51888762430445539E+01  1.03166850843769158E+01
   9.95829858215179264E+00  4.44120787663618799E+01  1.53796911266539893E+00
   1.00583819849874878E+01  3.74999106123453601E+01 -2.97721624722047551E+00
   1.01584653878231848E+01  2.94952265938839524E+01 -4.94813247132662948E-01
   1.02585487906588817E+01  2.57068495481956525E+01  7.03686487359672608E+00
   1.03586321934945786E+01  2.83878939294162969E+01  1.44499951357523333E+01
   1.04587155963302738E+01  3.54684973569186681E+01  1.67740137273682564E+01
   1.05587989991659708E+01  4.20694192700088081E+01  1.24055992755225795E+01
   1.06588824020016659E+01  4.37388758206837522E+01  4.03698170431951109E+00
   1.07589658048373646E+01  3.92947021566413142E+01 -3.16827763844495669E+00
   1.08590492076730598E+01  3.14920036228531686E+01 -4.90025605834430245E+00
   1.09591326105087568E+01  2.51883660532182780E+01 -3.92486862590007812E-01
   1.10592160133444519E+01  2.42445552196466174E+01  7.16030978119994810E+00
   1.11592994161801489E+01  2.91043718328800765E+01  1.26324727306075086E+01
   1.12593828190158458E+01  3.65020676723715809E+01  1.21500095100487897E+01
   1.13594662218515428E+01  4.14342124668330882E+01  5.49464045633310239E+00
   1.14595496246872379E+01  4.01979222272697498E+01 -3.69723604622926327E+00
   1.15596330275229349E+01  3.26854247135276381E+01 -1.00568794577500995E+01
   1.16597164303586300E+01  2.25602319495329091E+01 -9.67909922665126743E+00
   1.17597998331943288E+01  1.51782797500732158E+01 -2.49513695784474265E+00
   1.18598832360300239E+01  1.44654432098881873E+01  7.61443690334656065E+00
   1.19599666388657209E+01  2.06157066185755795E+01  1.50597948365384262E+01
   1.20600500417014160E+01  2.99900575369233771E+01  1.57949096264804361E+01
   1.21601334445371130E+01  3.72522230544033164E+01  9.63284742546903061E+00
   1.22602168473728099E+01  3.84321220623405395E+01  2.72092637981670438E-01
   1.23603002502085069E+01  3.30991227133965822E+01 -6.91612344660948786E+00
   1.24603836530442020E+01  2.44222095491435454E+01 -7.97299289661880017E+00
   1.25604670558798990E+01  1.71822911219530283E+01 -2.48878169733479027E+00
   1.26605504587155941E+01  1.49911818940352060E+01  6.39598403299876583E+00
   1.27606338615512929E+01  1.83676024081637550E+01  1.40110752001189329E+01
   1.28607172643869880E+01  2.47291464852090321E+01  1.69135817725119928E+01
   1.29608006672226850E+01  3.01795021295773900E+01  1.47355419243918941E+01
   1.30608840700583819E+01  3.19256058084711540E+01  1.00979368944708749E+01
   1.31609674728940771E+01  2.98546347437643114E+01  6.75708761639475153E+00
   1.32610508757297740E+01  2.63750745976345335E+01  7.18359327303506756E+00
   1.33611342785654692E+01  2.47007884807658300E+01  1.10567483901020740E+01
   1.34612176814011679E+01  2.66840464241425117E+01  1.55559632107975965E+01
   1.35613010842368631E+01  3.15425949003444934E+01  1.72257842132849461E+01
   1.36613844870725600E+01  3.62521220715147763E+01  1.42516383459086029E+01
   1.37614678899082552E+01  3.73612506548124230E+01  7.76717771736111917E+00
   1.38615512927439539E+01  3.31590222936448953E+01  1.41048595821649081E+00
   1.39616346955796491E+01  2.49382882006580466E+01 -6.48345020300713393E-01
   1.40617180984153443E+01  1.65893706630352362E+01  3.86229725403320323E+00
   1.41618015012510412E+01  1.26485772661674520E+01  1.37870152039778109E+01
   1.42618849040867399E+01  1.58031218119685875E+01  2.48581749390241562E+01
   1.43619683069224351E+01  2.52539330292757036E+01  3.18040652035155880E+01
   1.44620517097581303E+01  3.69348572126609014E+01  3.11348290408322548E+01
   1.45621351125938254E+01  4.55268890771073274E+01  2.30356377060543664E+01
   1.46622185154295241E+01  4.71518311057335424E+01  1.13047463049407533E+01
   1.47623019182652211E+01  4.12742733789419134E+01  1.41232967071020665E+00
   1.48623853211009163E+01  3.08506050194834316E+01 -2.22542652324434176E+00
   1.49624687239366114E+01  2.07365416917219498E+01  1.67497200869928253E+00
   1.50625521267723101E+01  1.52405007455786858E+01  1.08526999913246058E+01
   1.51626355296080053E+01  1.61059874773204257E+01  2.08931875691270292E+01
   1.52627189324437023E+01  2.19569120875090071E+01  2.76094037174044793E+01
   1.53628023352793974E+01  2.94182413223279333E+01  2.90688073240265616E+01
   1.54628857381150961E+01  3.51491527555925174E+01  2.61661955194947176E+01
   1.55629691409507913E+01  3.75293288663955522E+01  2.15763157567919706E+01
   1.56630525437864883E+01  3.70763395996009351E+01  1.79158592773448540E+01
   1.57631359466221834E+01  3.55634265298509931E+01  1.63121669345646723E+01
   1.58632193494578821E+01  3.45828434389536525E+01  1.61485791163267329E+01
   1.59633027522935773E+01  3.44968876673662663E+01  1.59521697509352212E+01
   1.60633861551292725E+01  3.43678904647286032E+01  1.47492432117055170E+01
   1.61634695579649694E+01  3.28613979984868010E+01  1.30047236169340152E+01
   1.62635529608006628E+01  2.95476498351378503E+01  1.25011345355674273E+01
   1.63636363636363633E+01  2.57178036780019887E+01  1.51210823571639530E+01
   1.64637197664720603E+01  2.40200799383240451E+01  2.12356883288400731E+01
   1.65638031693077536E+01  2.69392344116628450E+01  2.88080592231654755E+01
   1.66638865721434506E+01  3.49852834468395812E+01  3.39981783071089012E+01
   1.67639699749791475E+01  4.57891972932754427E+01  3.31161936722091284E+01
   1.68640533778148445E+01  5.48245508392073333E+01  2.48573598776970464E+01
   1.69641367806505414E+01  5.75125503068302137E+01  1.15003248749561084E+01
   1.70642201834862348E+01  5.16556002315909311E+01 -1.72116359345184589E+00
   1.71643035863219353E+01  3.89030492296614554E+01 -8.91547078500769530E+00
   1.72643869891576287E+01  2.43533243225607627E+01 -6.44145622480771252E+00
   1.73644703919933256E+01  1.43023823435583939E+01  5.08108949596897475E+00
   1.74645537948290226E+01  1.32002597665434553E+01  2.08455775307129194E+01
   1.75646371976647195E+01  2.14496265331625615E+01  3.41065468030097705E+01
   1.76647206005004165E+01  3.52699921608100979E+01  3.94200293250846840E+01
   1.77648040033361099E+01  4.86535576792428799E+01  3.51306633995258792E+01
   1.78648874061718068E+01  5.62847220245923126E+01  2.38719726547475588E+01
   1.79649708090075073E+01  5.58998271747169255E+01  1.09893992961772060E+01
   1.80650542118432007E+01  4.89937145941100738E+01  1.82419106262797559E+00
   1.81651376146788976E+01  3.96580116152318212E+01 -7.39715516334897627E-01
   1.82652210175145946E+01  3.22553089439487906E+01  2.73601843715893311E+00
   1.83653044203502915E+01  2.92235174702410951E+01  9.13495419003482212E+00
   1.84653878231859885E+01  3.02124005564482765E+01  1.49171167991222244E+01
   1.85654712260216819E+01  3.29285795479133157E+01  1.81474086071346363E+01
   1.86655546288573788E+01  3.50058254065928125E+01  1.92249326460582850E+01
   1.87656380316930758E+01  3.56453910329623938E+01  2.00075231308409016E+01
   1.88657214345287727E+01  3.60095989634450717E+01  2.20263477370369749E+01
   1.89658048373644696E+01  3.81577368147964862E+01  2.50016165115259490E+01
   1.90658882402001630E+01  4.32091984288782456E+01  2.66858652083103003E+01
   1.91659716430358635E+01  4.99609067375127580E+01  2.42743180242270071E+01
   1.92660550458715569E+01  5.50272618215226288E+01  1.65891718298536723E+01
   1.93661384487072539E+01  5.46590951156284532E+01  5.58342771119794712E+00
   1.94662218515429508E+01  4.72314049554301292E+01 -4.02232997850034568E+00
   1.95663052543786478E+01  3.48026187142011949E+01 -7.01038299412978372E+00
   1.96663886572143447E+01  2.26235697547247412E+01 -6.19541550005648478E-01
   1.97664720600500416E+01  1.67012039871099311E+01  1.35492954005667467E+01
   1.98665554628857350E+01  2.06842596388933622E+01  2.98580059403365219E+01
   1.99666388657214355E+01  3.37632939990855832E+01  4.11528718280720369E+01
   2.00667222685571289E+01  5.07890611543942043E+01  4.22499148443480976E+01
   2.01668056713928259E+01  6.46691972957046630E+01  3.25655257840794548E+01
   2.02668890742285228E+01  6.98483909534700729E+01  1.64388560635789140E+01
   2.03669724770642198E+01  6.50031613179399699E+01  9.16043232139229224E-01
   2.04670558798999167E+01  5.34790869233905681E+01 -7.79319699899193363E+00
   2.05671392827356101E+01  4.13026217361966914E+01 -7.22973745685241465E+00
   2.06672226855713070E+01  3.39763066896113912E+01  5.41535010352649726E-01
   2.07673060884070040E+01  3.38397035498134429E+01  1.05261474794959753E+01
   2.08673894912427009E+01  3.93209659919616143E+01  1.77285797507159977E+01
   2.09674728940783979E+01  4.63419376058817392E+01  1.97836086482172320E+01
   2.10675562969140913E+01  5.10251651673914566E+01  1.78655723134816711E+01
   2.11676396997497918E+01  5.21032424060637567E+01  1.53614850329500108E+01
   2.12677231025854852E+01  5.14798440953687404E+01  1.51325535514144232E+01
   2.13678065054211821E+01  5.24959808397023693E+01  1.72313378564962107E+01
   2.14678899082568790E+01  5.70889266814707028E+01  1.87666351751438505E+01
   2.15679733110925760E+01  6.39255272451644316E+01  1.60915959366198962E+01
   2.16680567139282729E+01  6.89097286494160954E+01  7.77298616986835800E+00
   2.17681401167639699E+01  6.77700461625562980E+01 -3.73640773235299095E+00
   2.18682235195996633E+01  5.90830244333968793E+01 -1.28926710962331921E+01
   2.19683069224353638E+01  4.58651505815434817E+01 -1.39898777719296152E+01
   2.20683903252710572E+01  3.46227783795644299E+01 -4.67375568749758674E+00
   2.21684737281067541E+01  3.20736766541678548E+01  1.20066353460346527E+01
   2.22685571309424510E+01  4.12014357496369925E+01  2.85217260833924584E+01
   2.23686405337781480E+01  5.90523414917872600E+01  3.66271659150139470E+01
   2.24687239366138449E+01  7.78799343136355731E+01  3.19130917937679506E+01
   2.25688073394495383E+01  8.91391681924616393E+01  1.63688545988134599E+01
   2.26688907422852353E+01  8.79813172605908420E+01 -2.58863329721595248E+00
   2.27689741451209322E+01  7.56932835938040540E+01 -1.59856683263819210E+01
   2.28690575479566292E+01  5.88725897873041077E+01 -1.78664713601184353E+01
   2.29691409507923261E+01  4.58996568814916586E+01 -8.19851000259422413E+00
   2.30692243536280195E+01  4.25524996881598199E+01  7.34304393581226034E+00
   2.31693077564637164E+01  4.90670759221288648E+01  2.06400373968964566E+01
   2.32693911592994169E+01  6.03439023334001234E+01  2.57179847209960855E+01
   2.33694745621351103E+01  6.92850947845165308E+01  2.19699033700784874E+01
   2.34695579649708073E+01  7.12213430915775945E+01  1.39951438212973986E+01
   2.35696413678065007E+01  6.65664199539493069E+01  8.21112901531803629E+00
   2.36697247706422012E+01  6.00451365582862664E+01  8.57114112165534436E+00
   2.37698081734778981E+01  5.72051336351823494E+01  1.42040355688720439E+01
   2.38698915763135915E+01  6.06228707719813968E+01  2.03290488390169806E+01
   2.39699749791492884E+01  6.81795579798412348E+01  2.16580820917986223E+01
   2.40700583819849854E+01  7.43815935580809793E+01  1.61058458179937070E+01
   2.41701417848206823E+01  7.39428381411388074E+01  6.52888841658108987E+00
   2.42702251876563793E+01  6.55139886528708075E+01 -7.28314055116988102E-01
   2.43703085904920727E+01  5.31227185764772898E+01  1.49187488409759483E-01
   2.44703919933277732E+01  4.40631617945192602E+01  1.03172594835970077E+01
   2.45704753961634665E+01  4.43199881131222142E+01  2.49179027513617051E+01
   2.46705587989991635E+01  5.45218743269645998E+01  3.56815983448351730E+01
   2.47706422018348604E+01  6.91989873204297652E+01  3.59074140768702392E+01
   2.48707256046705574E+01  7.98527832230208645E+01  2.46246760108969518E+01
   2.49708090075062543E+01  7.98968023511715444E+01  7.40391796870817576E+00
   2.50708924103419477E+01  6.85677938826710260E+01 -6.59913171584339064E+00
   2.51709758131776447E+01  5.16163537519212596E+01 -9.72550964503649062E+00
   2.52710592160133452E+01  3.82801274185895650E+01 -2.55679137858637384E-01
   2.53711426188490385E+01  3.60504051033472237E+01  1.63840825050594887E+01
   2.54712260216847355E+01  4.62182990672038585E+01  3.06025252117483397E+01
   2.55713094245204289E+01  6.30095077131149282E+01  3.42163000732584877E+01
   2.56713928273561294E+01  7.69728798735842048E+01  2.52306988450876410E+01
   2.57714762301918263E+01  8.05419943232976721E+01  8.88683724477956360E+00
   2.58715596330275197E+01  7.23674518979952808E+01 -5.56364795808076362E+00
   2.59716430358632167E+01  5.79288665272954049E+01 -1.03151041279119156E+01
   2.60717264386989136E+01  4.62045265155425113E+01 -3.50165780376267000E+00
   2.61718098415346070E+01  4.43607225277176482E+01  9.80310582976587774E+00
   2.62718932443703075E+01  5.35005784670350835E+01  2.06644550861868375E+01
   2.63719766472060044E+01  6.79983719004015086E+01  2.17138281783940208E+01
   2.64720600500416978E+01  7.89311654243147984E+01  1.16992542178480559E+01
   2.65721434528773948E+01  7.95915759548918373E+01 -3.69453001318437391E+00
   2.66722268557130953E+01  6.96538220978550839E+01 -1.53453662496687908E+01
   2.67723102585487887E+01  5.53625766446607841E+01 -1.63390059346835947E+01
   2.68723936613844856E+01  4.56579392881494357E+01 -6.21937987235162471E+00
   2.69724770642201790E+01  4.67045948587214923E+01  8.75439909082875900E+00
   2.70725604670558759E+01  5.81891558971165423E+01  1.94081920310911329E+01
   2.71726438698915764E+01  7.35539149155208776E+01  1.91445856899527556E+01
   2.72727272727272698E+01  8.39494909161934117E+01  7.85370467244033765E+00
   2.73728106755629668E+01  8.35435287525459245E+01 -8.04804132716098231E+00
   2.74728940783986673E+01  7.30372364497599591E+01 -1.94949433284096685E+01
   2.75729774812343607E+01  5.92382277360356326E+01 -2.02846525242415758E+01
   2.76730608840700576E+01  5.08759471776802670E+01 -1.08700937812448988E+01
   2.77731442869057510E+01  5.32077114669881155E+01  1.95477550299022584E+00
   2.78732276897414479E+01  6.47795864524874361E+01  9.31019567709215679E+00
   2.79733110925771484E+01  7.83568024995802688E+01  5.78789299963064607E+00
   2.80733944954128418E+01  8.54418951966900551E+01 -7.11030755427524142E+00
   2.81734778982485388E+01  8.16288223103369717E+01 -2.17773432959482705E+01
   2.82735613010842393E+01  6.95108757070172771E+01 -2.91516158801727485E+01
   2.83736447039199291E+01  5.72383779367985852E+01 -2.44530235451691382E+01
   2.84737281067556296E+01  5.34597491658385238E+01 -1.04071747704690072E+01
   2.85738115095913230E+01  6.17744511165592911E+01  4.21568726304967623E+00
   2.86738949124270199E+01  7.82801328135773957E+01  9.93198636919901112E+00
   2.87739783152627204E+01  9.38186619754188627E+01  2.40190858137356011E+00
   2.88740617180984103E+01  9.95057193022293092E+01 -1.48197495766356013E+01
   2.89741451209341108E+01  9.21584174167609831E+01 -3.22771583114319824E+01
   2.90742285237698042E+01  7.63871893868120253E+01 -4.01700764180657544E+01
   2.91743119266055011E+01  6.20506297491709304E+01 -3.42484986424120876E+01
   2.92743953294412016E+01  5.84282372401149175E+01 -1.85270203404712817E+01
   2.93744787322768914E+01  6.85273881385075612E+01 -3.02076291504633199E+00
   2.94745621351125919E+01  8.70855615499909277E+01  2.28680374101622519E+00
   2.95746455379482889E+01  1.03633121752933349E+02 -6.43540017469581915E+00
   2.96747289407839823E+01  1.08761671471393029E+02 -2.44563148775496302E+01
   2.97748123436196828E+01  9.97608191301665670E+01 -4.12232724112642899E+01
   2.98748957464553762E+01  8.22974339314287846E+01 -4.65624412474062055E+01
   2.99749791492910731E+01  6.72072372319168494E+01 -3.67242664308082496E+01
   3.00750625521267700E+01  6.42051198370158858E+01 -1.68064606268690646E+01
   3.01751459549624634E+01  7.60610821460790589E+01  1.95034466716373500E+00
   3.02752293577981639E+01  9.67005841026086870E+01  8.63309596722772277E+00
   3.03753127606338609E+01  1.14581593981557120E+02 -8.16449920775506710E-01
   3.04753961634695543E+01  1.19508915191582560E+02 -2.10249869608374738E+01
   3.05754795663052512E+01  1.08749238686596627E+02 -4.02833707397311045E+01
   3.06755629691409446E+01  8.86287517730848862E+01 -4.74605171728798680E+01
   3.07756463719766451E+01  7.06710055654260003E+01 -3.84507703252636119E+01
   3.08757297748123420E+01  6.47822335571111267E+01 -1.82894795083766084E+01
   3.09758131776480354E+01  7.36468026438214594E+01  2.08603584922201701E+00
   3.10758965804837359E+01  9.14804652612820490E+01  1.22792966862390234E+01
   3.11759799833194329E+01  1.07632454243019879E+02  8.33170229683022079E+00
   3.12760633861551263E+01  1.12905939600124157E+02 -5.19558729087231441E+00
   3.13761467889908232E+01  1.05010798197840685E+02 -1.81679402286032285E+01
   3.14762301918265166E+01  8.98705376121670838E+01 -2.12536583439139335E+01
   3.15763135946622171E+01  7.77774439919327705E+01 -1.18671064654542437E+01
   3.16763969974979140E+01  7.67060688593334987E+01  4.22244827737381456E+00
   3.17764804003336074E+01  8.71778895460912651E+01  1.67521926041126008E+01
   3.18765638031693044E+01  1.02050538985069494E+02  1.76836575537427052E+01
   3.19766472060050049E+01  1.11176782768578121E+02  6.35406704925408050E+00
   3.20767306088406983E+01  1.07791086180245799E+02 -1.00462895951459465E+01
   3.21768140116763988E+01  9.27610734037059075E+01 -2.07493884043751109E+01
   3.22768974145120850E+01  7.43257922525447583E+01 -1.78863619199723516E+01
   3.23769808173477855E+01  6.34122628778603783E+01 -1.48106149249411301E+00
   3.24770642201834860E+01  6.70579810321711847E+01  2.00778976130590721E+01
   3.25771476230191794E+01  8.38431742379124785E+01  3.47229070032246980E+01
   3.26772310258548799E+01  1.04388437633596155E+02  3.39602714436104662E+01
   3.27773144286905733E+01  1.16861086629808710E+02  1.81674707175018781E+01
   3.28773978315262667E+01  1.14061392332137046E+02 -3.49575255691053277E+00
   3.29774812343619672E+01  9.76248029297682791E+01 -1.84767476548993166E+01
   3.30775646371976606E+01  7.68978712215102718E+01 -1.80999070954403543E+01
   3.31776480400333611E+01  6.34285072670037948E+01 -2.40094814459206507E+00
   3.32777314428690545E+01  6.44187408631679830E+01  2.00638939933375013E+01
   3.33778148457047479E+01  7.87803947856097579E+01  3.71305981414730226E+01
   3.34778982485404484E+01  9.78936790401205883E+01  3.99065234220789762E+01
   3.35779816513761489E+01  1.10677550796659929E+02  2.78185113005574571E+01
   3.36780650542118423E+01  1.10164132491019885E+02  8.86679770315406124E+00
   3.37781484570475357E+01  9.76569502295772622E+01 -5.26458335129804400E+00
   3.38782318598832290E+01  8.17551448533238556E+01 -6.38252624468842011E+00
   3.39783152627189295E+01  7.27434222369423367E+01  5.28852524082191788E+00
   3.40783986655546300E+01  7.60077195247025372E+01  2.15828530504733855E+01
   3.41784820683903234E+01  8.87744803172783463E+01  3.17888727428075910E+01
   3.42785654712260168E+01  1.02071030151045477E+02  2.93423754915430557E+01
   3.43786488740617173E+01  1.06396825257991324E+02  1.57436629651789612E+01
   3.44787322768974107E+01  9.76238104909896265E+01 -3.82425410702940116E-01
   3.45788156797331112E+01  7.98137149752732853E+01 -8.43652743888739032E+00
   3.46788990825688046E+01  6.32777018802283493E+01 -2.38430292221739970E+00
   3.47789824854044980E+01  5.86476617778284748E+01  1.50947098581163726E+01
   3.48790658882401985E+01  7.02205060268361052E+01  3.36590670096899132E+01
   3.49791492910758919E+01  9.27952092956770969E+01  4.13373087756394213E+01
   3.50792326939115924E+01  1.14320008806906756E+02  3.19203384625374440E+01
   3.51793160967472929E+01  1.22849113974741343E+02  8.99793453611240857E+00
   3.52793994995829792E+01  1.13473107210283771E+02 -1.58770159999211558E+01
   3.53794829024186797E+01  9.10981802182055560E+01 -2.96593145088324448E+01
   3.54795663052543730E+01  6.76734750046325360E+01 -2.50480824823996393E+01
   3.55796497080900735E+01  5.56208330963890845E+01 -4.46783123335871757E+00
   3.56797331109257740E+01  6.11113611804832075E+01  2.12880594065433932E+01
   3.57798165137614603E+01  8.08291574730912288E+01  3.89896086612590267E+01
   3.58798999165971608E+01  1.04043418337416000E+02  4.02380298714859563E+01
   3.59799833194328542E+01  1.18873422541058289E+02  2.59465870250571058E+01
   3.60800667222685547E+01  1.19091226708703303E+02  5.38307607622904261E+00
   3.61801501251042552E+01  1.07376052903818447E+02 -9.63819333708085146E+00
   3.62802335279399486E+01  9.31182698476721100E+01 -1.18159695060952981E+01
   3.63803169307756420E+01  8.63018641995417966E+01 -2.35353301738536436E+00
   3.64804003336113425E+01  9.13647764218643204E+01  1.03825166339236130E+01
   3.65804837364470359E+01  1.04736165622540398E+02  1.64501915141834196E+01
   3.66805671392827364E+01  1.17325942000156687E+02  1.06551016794268048E+01
   3.67806505421184298E+01  1.20316045370666075E+02 -4.11132471366173835E+00
   3.68807339449541232E+01  1.10831259607584428E+02 -1.84440038235404913E+01
   3.69808173477898237E+01  9.41485741677757630E+01 -2.21047488098340459E+01
   3.70809007506255170E+01  8.09347428833202258E+01 -1.05938554271969636E+01
   3.71809841534612175E+01  8.08829693073901552E+01  1.14227549902551413E+01
   3.72810675562969109E+01  9.65401436826595756E+01  3.22251074434715150E+01
   3.73811509591326043E+01  1.21256658793426666E+02  3.96453753716994726E+01
   3.74812343619683048E+01  1.42631444582922484E+02  2.82112633442099465E+01
   3.75813177648039982E+01  1.49385826498936638E+02  2.57635097468551777E+00
   3.76814011676396987E+01  1.37688881721085068E+02 -2.47057979498564144E+01
   3.77814845704753921E+01  1.13448439538940974E+02 -3.98123888162071182E+01
   3.78815679733110855E+01  8.92902222198894151E+01 -3.50753285551487011E+01
   3.79816513761467860E+01  7.77671531956035409E+01 -1.30827934114416511E+01
   3.80817347789824865E+01  8.45427157976689330E+01  1.49309918171991320E+01
   3.81818181818181799E+01  1.05510252482160979E+02  3.55126929024653180E+01
   3.82819015846538733E+01  1.29531678153856149E+02  4.04217548145968024E+01
   3.83819849874895667E+01  1.45037356330737452E+02  3.06932934641337987E+01
   3.84820683903252672E+01  1.46463795728306394E+02  1.51093478225869369E+01
   3.85821517931609677E+01  1.36792136673759501E+02  4.23691177185016965E+00
   3.86822351959966610E+01  1.24879564923811770E+02  3.76258669972266491E+00
   3.87823185988323544E+01  1.19375455130694093E+02  1.12274292881268458E+01
   3.88824020016680549E+01  1.23101403306443402E+02  1.81837673800553077E+01
   3.89824854045037483E+01  1.31519231495508365E+02  1.63415102299597912E+01
   3.90825688073394488E+01  1.36221844854129671E+02  3.62847259533884392E+00
   3.91826522101751422E+01  1.31002229738273968E+02 -1.38340456676440180E+01
   3.92827356130108356E+01  1.16441426229406105E+02 -2.50989534307414033E+01
   3.93828190158465361E+01  1.00120029382723487E+02 -2.09923352214953205E+01
   3.94829024186822295E+01  9.23789419810221801E+01 -1.19806396711763345E-02
   3.95829858215179300E+01  1.00128484758659965E+02  2.99005053111974632E+01
   3.96830692243536305E+01  1.22271711111469699E+02  5.48838274131309518E+01
   3.97831526271893239E+01  1.49499782194672179E+02  6.22894640351193019E+01
   3.98832360300250173E+01  1.68868482115621532E+02  4.76139074350158893E+01
   3.99833194328607107E+01  1.70783482917588515E+02  1.72686950437857263E+01
   4.00834028356964112E+01  1.54423733958536275E+02 -1.45876853189758382E+01
   4.01834862385321117E+01  1.28353536874572256E+02 -3.34922959027944813E+01
   4.02835696413678050E+01  1.05859303758140996E+02 -3.21514301499976085E+01
   4.03836530442034984E+01  9.77292823561917459E+01 -1.37307448779787951E+01
   4.04837364470391989E+01  1.06679939890622776E+02  1.06256270198997509E+01
   4.05838198498748923E+01  1.26456989175319293E+02  2.82736553305208069E+01
   4.06839032527105928E+01  1.45799465380382571E+02  3.18111373463608373E+01
   4.07839866555462862E+01  1.54886642029919727E+02  2.25308018750736672E+01
   4.08840700583819796E+01  1.50757130003594256E+02  8.82240867496501302E+00
   4.09841534612176801E+01  1.38665980250407188E+02  4.01650579722933110E-01
   4.10842368640533735E+01  1.28388554996787747E+02  1.79476063786312556E+00
   4.11843202668890740E+01  1.27568967843866758E+02  9.34969852498289633E+00
   4.12844036697247674E+01  1.36476120794507040E+02  1.39237274819939607E+01
   4.13844870725604608E+01  1.47800336416354611E+02  7.41976275172893285E+00
   4.14845704753961613E+01  1.51568231105900139E+02 -1.13258593664417795E+01
   4.15846538782318547E+01  1.41792628438600758E+02 -3.50894954857589099E+01
   4.16847372810675552E+01  1.20716858806421612E+02 -5.19635501818440346E+01
   4.17848206839032486E+01  9.83042786672012880E+01 -5.20138401125017822E+01
   4.18849040867389419E+01  8.72138948715377467E+01 -3.32844033323794619E+01
   4.19849874895746424E+01  9.57513156274047219E+01 -3.77852002225174921E+00
   4.20850708924103358E+01  1.22629772392654033E+02  2.20920084697989090E+01
   4.21851542952460363E+01  1.56844105177254761E+02  3.09806901670824395E+01
   4.22852376980817297E+01  1.83086141711978001E+02  1.77704933675476653E+01
   4.23853211009174231E+01  1.89599544313288334E+02 -1.17836636972586337E+01
   4.24854045037531236E+01  1.73947858284316965E+02 -4.43083654649888246E+01
   4.25854879065888241E+01  1.43767414385539382E+02 -6.58489684384701803E+01
   4.26855713094245175E+01  1.12596431629090389E+02 -6.87513795328110291E+01
   4.27856547122602109E+01  9.32490977419235776E+01 -5.49368214210828256E+01
   4.28857381150959043E+01  9.20416964276438421E+01 -3.41704195625886626E+01
   4.29858215179316048E+01  1.06540235950176225E+02 -1.84289250046753139E+01
   4.30859049207673053E+01  1.27740019050449959E+02 -1.54055964167203960E+01
   4.31859883236029987E+01  1.45349463538219567E+02 -2.46666789229350840E+01
   4.32860717264386992E+01  1.53193142164879987E+02 -3.85907151171957779E+01
   4.33861551292743926E+01  1.51689735079441306E+02 -4.75132743711082597E+01
   4.34862385321100859E+01  1.46136832795652793E+02 -4.59184914160715962E+01
   4.35863219349457864E+01  1.42215917168340269E+02 -3.57720390482111270E+01
   4.36864053377814798E+01  1.41915422957894577E+02 -2.49433057973005532E+01
   4.37864887406171803E+01  1.42542994118841477E+02 -2.19410004789766830E+01
   4.38865721434528737E+01  1.39122584102438026E+02 -3.04332953573694667E+01
   4.39866555462885671E+01  1.28297024993461349E+02 -4.67831764965536365E+01
   4.40867389491242676E+01  1.11314199576226613E+02 -6.18296086487428980E+01
   4.41868223519599681E+01  9.44165520381207415E+01 -6.59360488687291735E+01
   4.42869057547956615E+01  8.61479760905548488E+01 -5.46984416038916095E+01
   4.43869891576313549E+01  9.26199728570340710E+01 -3.20491239826744447E+01
   4.44870725604670483E+01  1.13347451375198276E+02 -8.55537792314673062E+00
   4.45871559633027488E+01  1.40516384625974410E+02  4.42456176818603542E+00
   4.46872393661384493E+01  1.62540508670252422E+02  1.20589356907505518E+00
   4.47873227689741427E+01  1.69848002824319536E+02 -1.51281809951012587E+01
   4.48874061718098361E+01  1.59495928035734011E+02 -3.47089514332903022E+01
   4.49874895746455365E+01  1.36251346130322815E+02 -4.65322761301813301E+01
   4.50875729774812299E+01  1.09927606154184403E+02 -4.44575806724309501E+01
   4.51876563803169304E+01  9.05708794370817287E+01 -3.02797361221405055E+01
   4.52877397831526238E+01  8.39571142592636335E+01 -1.23128581764148031E+01
   4.53878231859883172E+01  8.95841867048684009E+01 -4.30030669060931348E-01
   4.54879065888240177E+01  1.01967354701420135E+02 -4.47032407270863019E-01
   4.55879899916597111E+01  1.14246936588939178E+02 -1.09870149319619408E+01
   4.56880733944954116E+01  1.21965719019231273E+02 -2.44836770737835323E+01
   4.57881567973311050E+01  1.24948201785295907E+02 -3.17290824303461960E+01
   4.58882402001667984E+01  1.26333992230875637E+02 -2.74361475450862464E+01
   4.59883236030024989E+01  1.29475473966758670E+02 -1.35434827551617119E+01
   4.60884070058381923E+01  1.34830891967125268E+02  1.88645381709028759E+00
   4.61884904086738928E+01  1.39096011081301071E+02  9.60386494577634942E+00
   4.62885738115095862E+01  1.37242447792637961E+02  4.84963720086718197E+00
   4.63886572143452796E+01  1.26088166777606261E+02 -9.67644760406258264E+00
   4.64887406171809801E+01  1.07163258160819225E+02 -2.51566587433761839E+01
   4.65888240200166805E+01  8.71845916531503491E+01 -3.14808083848146154E+01
   4.66889074228523739E+01  7.55813178194410256E+01 -2.30318743583183050E+01
   4.67889908256880744E+01  7.98640353060739443E+01 -2.28695494896998053E+00
   4.68890742285237607E+01  1.01112573217319820E+02  2.10799969427773810E+01
   4.69891576313594612E+01  1.32436778425412598E+02  3.54324413924773296E+01
   4.70892410341951617E+01  1.61780111456708056E+02  3.37435899421422931E+01
   4.71893244370308551E+01  1.77652027700279433E+02  1.75363199215791887E+01
   4.72894078398665556E+01  1.74583128216502615E+02 -4.07604915286839287E+00
   4.73894912427022490E+01  1.55484684900630015E+02 -1.95517088149080713E+01
   4.74895746455379424E+01  1.29879996690205047E+02 -2.13136974469062679E+01
   4.75896580483736429E+01  1.08980335863645521E+02 -9.82398626902915062E+00
   4.76897414512093363E+01  1.00150520167848697E+02  6.95558557799055688E+00
   4.77898248540450368E+01  1.03770095586126985E+02  1.84231246315357282E+01
   4.78899082568807302E+01  1.14205807203429984E+02  1.76610402493082432E+01
   4.79899916597164236E+01  1.24086767816328958E+02  5.48651214599615944E+00
   4.80900750625521241E+01  1.29068726342712807E+02 -1.01117088510456075E+01
   4.81901584653878174E+01  1.30155071692439179E+02 -1.87863501007023359E+01
   4.82902418682235179E+01  1.32262691125840831E+02 -1.41132262605350416E+01
   4.83903252710592113E+01  1.40020675936850353E+02  2.36163654207691831E+00
   4.84904086738949047E+01  1.53596503528131507E+02  2.18478671216234090E+01
   4.85904920767306052E+01  1.67513675104235631E+02  3.34747493516880255E+01
   4.86905754795663057E+01  1.73506370534407665E+02  3.07223453738762338E+01
   4.87906588824019991E+01  1.65685444654187194E+02  1.52284559628318679E+01
   4.88907422852376925E+01  1.44796017352855472E+02 -4.12294553443715195E+00
   4.89908256880733859E+01  1.18987509878110231E+02 -1.61585357247424142E+01
   4.90909090909090864E+01  1.00429030464407518E+02 -1.36770648997393938E+01
   4.91909924937447869E+01  9.92262611014709677E+01  2.40773079750535235E+00
   4.92910758965804803E+01  1.17769022810661681E+02  2.35046070035737422E+01
   4.93911592994161737E+01  1.48886618758311982E+02  3.82896804129686785E+01
   4.94912427022518742E+01  1.79215703275187366E+02  3.92604165972665911E+01
   4.95913261050875676E+01  1.95980974606682793E+02  2.69542374948558354E+01
   4.96914095079232681E+01  1.93348015563078604E+02  9.42344262952966005E+00
   4.97914929107589614E+01  1.74960043806241117E+02 -2.57723534632600071E+00
   4.98915763135946548E+01  1.51488658272568244E+02 -1.87570920430068622E+00
   4.99916597164303553E+01  1.34629539695804937E+02  1.09527977213897731E+01
   5.00917431192660487E+01  1.30886045678074993E+02  2.79963681163743168E+01
   5.01918265221017492E+01  1.38677589284442263E+02  3.87958088886717789E+01
   5.02919099249374497E+01  1.50307393994576557E+02  3.66490008322561636E+01
   5.03919933277731360E+01  1.57311209330887294E+02  2.26884182650709363E+01
   5.04920767306088365E+01  1.55825834234186516E+02  5.38776585058738533E+00
   5.05921601334445299E+01  1.48879952159050475E+02 -4.25985054667469676E+00
   5.06922435362802304E+01  1.44320121086211913E+02  7.12645517567868980E-01
   5.07923269391159309E+01  1.49460129880316771E+02  1.87207251968084520E+01
   5.08924103419516172E+01  1.65611080478748676E+02  4.00476913183187264E+01
   5.09924937447873177E+01  1.86162848694440498E+02  5.23110614464057164E+01
   5.10925771476230182E+01  1.99879190254131714E+02  4.77854139192443625E+01
   5.11926605504587116E+01  1.97559753574819865E+02  2.80810411546906309E+01
   5.12927439532944121E+01  1.77922294320395906E+02  3.38702103437419444E+00
   5.13928273561301054E+01  1.49133895803223595E+02 -1.31790510233516009E+01
   5.14929107589657988E+01  1.25061089550978934E+02 -1.28554983756432950E+01
   5.15929941618014993E+01  1.18185340409470314E+02  3.89379456600157825E+00
   5.16930775646371927E+01  1.32939637261258980E+02  2.76457813304965718E+01
   5.17931609674728932E+01  1.63171989910574126E+02  4.53067690073827194E+01
   5.18932443703085866E+01  1.95276926121583784E+02  4.74183227335696742E+01
   5.19933277731442800E+01  2.15292227945418659E+02  3.32961570175799508E+01
   5.20934111759799805E+01  2.15996306242011883E+02  1.11072947019873371E+01
   5.21934945788156810E+01  2.00148078219517714E+02 -7.09040121549044322E+00
   5.22935779816513744E+01  1.78229332203370006E+02 -1.24389705985970824E+01
   5.23936613844870678E+01  1.62116527614077825E+02 -4.30303559926240720E+00
   5.24937447873227612E+01  1.58454392236664233E+02  9.78066528378188416E+00
   5.25938281901584617E+01  1.65628590630577861E+02  1.90658124452159043E+01
   5.26939115929941622E+01  1.75838455568996380E+02  1.62777174768660444E+01
   5.27939949958298556E+01  1.80577594216030150E+02  2.01705309870066429E+00
   5.28940783986655489E+01  1.76108578438128035E+02 -1.55093122653943620E+01
   5.29941618015012423E+01  1.65897131050351419E+02 -2.52295623852261350E+01
   5.30942452043369428E+01  1.58632611899811366E+02 -1.99088289093035229E+01
   5.31943286071726433E+01  1.62711451084893525E+02 -1.02716489576624137E+00
   5.32944120100083438E+01  1.80307260794271912E+02  2.13500896263098987E+01
   5.33944954128440301E+01  2.04948642200463041E+02  3.40818300468317332E+01
   5.34945788156797235E+01  2.24566495778688619E+02  2.86865456336077713E+01
   5.35946622185154240E+01  2.28295870287391551E+02  6.56374745448409946E+00
   5.36947456213511245E+01  2.12850256840136836E+02 -2.14658705511893864E+01
   5.37948290241868250E+01  1.84739917663728306E+02 -4.10373019978671891E+01
   5.38949124270225184E+01  1.57138311426684169E+02 -4.22156423708321284E+01
   5.39949958298582047E+01  1.43066389470144799E+02 -2.50805998328938777E+01
   5.40950792326939052E+01  1.48531409968164041E+02  3.24960712502236182E-01
   5.41951626355296057E+01  1.69442723930320113E+02  1.97509255463572337E+01
   5.42952460383653062E+01  1.94103653453630415E+02  2.28506540079803990E+01
   5.43953294412009996E+01  2.09789954867206717E+02  8.84534329529436114E+00
   5.44954128440366858E+01  2.09521384565474364E+02 -1.35337797742283144E+01
   5.45954962468723863E+01  1.95192112375219921E+02 -3.16243824770205677E+01
   5.46955796497080868E+01  1.75533636827913625E+02 -3.64550705910569022E+01
   5.47956630525437873E+01  1.60457706358329887E+02 -2.77644287618598256E+01
   5.48957464553794807E+01  1.55396581972322849E+02 -1.34812968361609382E+01
   5.49958298582151670E+01  1.59006214087986734E+02 -4.31475614401367658E+00
   5.50959132610508675E+01  1.65166752536396444E+02 -7.07280086135370212E+00
   5.51959966638865680E+01  1.67491415282900789E+02 -2.06889119407382758E+01
   5.52960800667222685E+01  1.63457938805964602E+02 -3.69521780941301117E+01
   5.53961634695579619E+01  1.55947602079669480E+02 -4.53455971687074566E+01
   5.54962468723936482E+01  1.51408458759515014E+02 -3.94126837637978440E+01
   5.55963302752293487E+01  1.55527311058196574E+02 -2.11214576514648549E+01
   5.56964136780650492E+01  1.68932245897754115E+02 -3.83679717776224949E-01
   5.57964970809007497E+01  1.85918037107859249E+02  1.04302428806985645E+01
   5.58965804837364431E+01  1.97396545393907701E+02  3.82484236950099188E+00
   5.59966638865721436E+01  1.96245514477314174E+02 -1.81761747771790390E+01
   5.60967472894078298E+01  1.81571253856430275E+02 -4.48893369753597185E+01
   5.61968306922435303E+01  1.59371788372037031E+02 -6.27387923488761530E+01
   5.62969140950792308E+01  1.39472184249820486E+02 -6.26082812980325158E+01
   5.63969974979149242E+01  1.30550802148717992E+02 -4.47548241173504522E+01
   5.64970809007506247E+01  1.35807982348751466E+02 -1.86238374998464664E+01
   5.65971643035863110E+01  1.51443730126615293E+02  2.38090031599856777E+00
   5.66972477064220115E+01  1.68788680562896900E+02  8.29901424338238058E+00
   5.67973311092577120E+01  1.79017014235063101E+02 -2.04291139623089846E+00
   5.68974145120934054E+01  1.77811178994128511E+02 -2.08683459488101519E+01
   5.69974979149291059E+01  1.67265830086403753E+02 -3.65193724761965086E+01
   5.70975813177647922E+01  1.53961683350057484E+02 -4.06057419819038543E+01
   5.71976647206004927E+01  1.44552186261773983E+02 -3.27768521399484811E+01
   5.72977481234361932E+01  1.41804073385705863E+02 -2.02234128295983560E+01
   5.73978315262718866E+01  1.43604266441551601E+02 -1.25236950817166850E+01
   5.74979149291075871E+01  1.45237864276336694E+02 -1.53986907643344608E+01
   5.75979983319432876E+01  1.43047004471746931E+02 -2.72555870978431010E+01
   5.76980817347789738E+01  1.37046362885346753E+02 -4.02894128825802014E+01
   5.77981651376146743E+01  1.31100155861295121E+02 -4.52443384846468390E+01
   5.78982485404503677E+01  1.30657913294775369E+02 -3.71425483660234548E+01
   5.79983319432860682E+01  1.39170344683667963E+02 -1.87523392616363509E+01
   5.80984153461217687E+01  1.55162972645766160E+02  4.77165394227614614E-01
   5.81984987489574550E+01  1.72030012192515613E+02  9.76706950828352838E+00
   5.82985821517931555E+01  1.81185344965205218E+02  3.53517927608010485E+00
   5.83986655546288560E+01  1.76892162877248268E+02 -1.50101275042175839E+01
   5.84987489574645494E+01  1.59806521715867774E+02 -3.54801070187650254E+01
   5.85988323603002499E+01  1.37078891111384962E+02 -4.61199916464788373E+01
   5.86989157631359362E+01  1.18930695006133575E+02 -4.04012100079755712E+01
   5.87989991659716367E+01  1.13506387617775744E+02 -2.06626573558912376E+01
   5.88990825688073372E+01  1.22678333856956129E+02  3.20317120472040129E+00
   5.89991659716430306E+01  1.41083855915454251E+02  1.92640109472619585E+01
   5.90992493744787311E+01  1.59032639968669741E+02  2.01568079520704408E+01
   5.91993327773144316E+01  1.67732688179929539E+02  7.06260820643956411E+00
   5.92994161801501178E+01  1.63894268592805901E+02 -1.11901058530817732E+01
   5.93994995829858183E+01  1.51137470656891793E+02 -2.33762280170592618E+01
   5.94995829858215117E+01  1.37466144150290063E+02 -2.24610290905667291E+01
   5.95996663886572122E+01  1.30307793181760559E+02 -9.62256316765578390E+00
   5.96997497914929127E+01  1.32115748946498229E+02  6.77331981482841350E+00
   5.97998331943285990E+01  1.39303013158242663E+02  1.65897373851709062E+01
   5.98999165971642995E+01  1.45135618084760637E+02  1.42385050578031525E+01
   5.99999999999999929E+01  1.44538744430826313E+02  1.96914700407779653E+00
   6.01000834028356934E+01  1.37624001863199112E+02 -1.16914562130512216E+01
   6.02001668056713939E+01  1.29800625897154987E+02 -1.72344882562413027E+01
   6.03002502085070802E+01  1.28457653733388469E+02 -1.01007112633962972E+01
   6.04003336113427807E+01  1.38077560825492156E+02  6.19633294623807362E+00
   6.05004170141784741E+01  1.56645539835789464E+02  2.18118498930087164E+01
   6.06005004170141746E+01  1.75837028295434351E+02  2.64489593915433794E+01
   6.07005838198498751E+01  1.85364763536676378E+02  1.58941923857317917E+01
   6.08006672226855756E+01  1.79064796272725260E+02 -4.94761014387801978E+00
   6.09007506255212618E+01  1.58940315009322518E+02 -2.45421076360437276E+01
   6.10008340283569552E+01  1.34591152257927604E+02 -3.13052255340852028E+01
   6.11009174311926557E+01  1.18257216839393521E+02 -2.03808550110602518E+01
   6.12010008340283562E+01  1.18238582735813736E+02  3.36568324406902031E+00
   6.13010842368640567E+01  1.34398719458946431E+02  2.79172861172578024E+01
   6.14011676396997430E+01  1.58327003068537806E+02  4.07734323044328235E+01
   6.15012510425354364E+01  1.78036040315011348E+02  3.58574976069422817E+01
   6.16013344453711369E+01  1.84410572756219835E+02  1.67284522094385153E+01
   6.17014178482068374E+01  1.75764621025515595E+02 -5.61701819447181894E+00
   6.18015012510425379E+01  1.58186044195046236E+02 -1.90045568614092986E+01
   6.19015846538782242E+01  1.41734941714223339E+02 -1.68692013228453490E+01
   6.20016680567139176E+01  1.34683014485137704E+02 -1.75476935757666608E+00
   6.21017514595496181E+01  1.39024919700023389E+02  1.64909900422135856E+01
   6.22018348623853186E+01  1.49893250943757977E+02  2.67599453419709015E+01
   6.23019182652210191E+01  1.59194873991893786E+02  2.33051662928804113E+01
   6.24020016680567053E+01  1.61038888864713442E+02  8.95726653893670033E+00
   6.25020850708923987E+01  1.55429501106882526E+02 -6.85801425994853098E+00
   6.26021684737280992E+01  1.48053468278481262E+02 -1.39740031738887591E+01
   6.27022518765637997E+01  1.46519653562401658E+02 -7.76284516631488319E+00
   6.28023352793995002E+01  1.55333808926687055E+02  7.79213625813201549E+00
   6.29024186822351936E+01  1.72479480504938437E+02  2.21804175512460624E+01
   6.30025020850708870E+01  1.89746595886823457E+02  2.46666725622227112E+01
   6.31025854879065804E+01  1.97033190618200109E+02  1.11824289029688675E+01
   6.32026688907422809E+01  1.88422633470568798E+02 -1.25171326077819636E+01
   6.33027522935779814E+01  1.66418931767665100E+02 -3.36744788529879386E+01
   6.34028356964136748E+01  1.41494203467479110E+02 -3.98959580875608211E+01
   6.35029190992493682E+01  1.26768891562797549E+02 -2.66802023893362197E+01
   6.36030025020850616E+01  1.30673913028799063E+02 -4.25527185240527739E-01
   6.37030859049207621E+01  1.51956825395032496E+02  2.50393512544419750E+01
   6.38031693077564626E+01  1.80157291263236232E+02  3.62732490334568496E+01
   6.39032527105921559E+01  2.01276644001657246E+02  2.76529368392736430E+01
   6.40033361134278493E+01  2.05225784295995538E+02  4.23560210376650925E+00
   6.41034195162635427E+01  1.90913164533713967E+02 -2.12360553108252397E+01
   6.42035029190992503E+01  1.66483486055475908E+02 -3.53581236202908826E+01
   6.43035863219349437E+01  1.44739805378579149E+02 -3.13724118011072619E+01
   6.44036697247706371E+01  1.36104098761772065E+02 -1.27919505762029928E+01
   6.45037531276063447E+01  1.42977907951830389E+02  8.84824190452456882E+00
   6.46038365304420239E+01  1.58963429218944214E+02  2.09319873319674343E+01
   6.47039199332777315E+01  1.73493326958994828E+02  1.71725516396628990E+01
   6.48040033361134249E+01  1.78727541330381854E+02  9.51389363067975502E-01
   6.49040867389491183E+01  1.74160136487451837E+02 -1.72173555609355411E+01
   6.50041701417848259E+01  1.66287129192061741E+02 -2.62474533816181470E+01
   6.51042535446205051E+01  1.63996153497998648E+02 -2.10982950188565397E+01
   6.52043369474562127E+01  1.72624579100406748E+02 -5.74454093138861044E+00
   6.53044203502919061E+01  1.90071384912493500E+02  9.13928524583593571E+00
   6.54045037531275995E+01  2.07264291260665345E+02  1.25702869088169038E+01
   6.55045871559633071E+01  2.13068401088565480E+02  1.23141017094793220E-01
   6.56046705587989862E+01  2.01106349183016647E+02 -2.28792718272354207E+01
   6.57047539616346938E+01  1.74457443978769192E+02 -4.40378979586814481E+01
   6.58048373644703872E+01  1.45083764712909073E+02 -5.10851986150521000E+01
   6.59049207673060806E+01  1.27815992945748391E+02 -3.93754417875627425E+01
   6.60050041701417882E+01  1.32114454410397883E+02 -1.50062192256669906E+01
   6.61050875729774816E+01  1.56481985361813685E+02  8.47589044224648092E+00
   6.62051709758131750E+01  1.89002910299395921E+02  1.78085384999693979E+01
   6.63052543786488684E+01  2.13713208903276836E+02  7.53046376594938494E+00
   6.64053377814845618E+01  2.19023134935586455E+02 -1.70040935367935049E+01
   6.65054211843202694E+01  2.03529767266280345E+02 -4.26449715300099257E+01
   6.66055045871559628E+01  1.76295212595660530E+02 -5.57860961955079944E+01
   6.67055879899916562E+01  1.51566489491165896E+02 -5.00464640292355369E+01
   6.68056713928273496E+01  1.40750887814891257E+02 -2.99092972910254389E+01
   6.69057547956630430E+01  1.46204693520840863E+02 -7.97321865119308715E+00
   6.70058381984987506E+01  1.60670903524708876E+02  2.66569238312204826E+00
   6.71059216013344439E+01  1.72685306339080086E+02 -3.84425913475665082E+00
   6.72060050041701373E+01  1.74242930132525117E+02 -2.30251854336473620E+01
   6.73060884070058307E+01  1.65691872825985826E+02 -4.32534079397482571E+01
   6.74061718098415241E+01  1.55008355412161222E+02 -5.29346518787263278E+01
   6.75062552126772317E+01  1.52269490503681538E+02 -4.72966888485123818E+01
   6.76063386155129251E+01  1.62837273662501360E+02 -3.09700067864033635E+01
   6.77064220183486185E+01  1.83333408548672651E+02 -1.50487127874161164E+01
   6.78065054211843119E+01  2.02881382944411797E+02 -1.04116028471778002E+01
   6.79065888240200053E+01  2.09085649220341054E+02 -2.11608762522403175E+01
   6.80066722268557129E+01  1.95388623421067791E+02 -4.19880516322000616E+01
   6.81067556296914063E+01  1.65511322769796266E+02 -6.10847592984342853E+01
   6.82068390325270997E+01  1.32238599038072721E+02 -6.70439825401530527E+01
   6.83069224353627931E+01  1.10951272170537578E+02 -5.57762117450668313E+01
   6.84070058381984865E+01  1.11374020496103782E+02 -3.32474345401799383E+01
   6.85070892410341941E+01  1.32301923505425350E+02 -1.22205554316557308E+01
   6.86071726438698875E+01  1.62490628626409489E+02 -4.89064085515069458E+00
   6.87072560467055808E+01  1.87083249066379381E+02 -1.58752840024059587E+01
   6.88073394495412742E+01  1.95537795255481029E+02 -3.96546678079236656E+01
   6.89074228523769676E+01  1.86499701995653083E+02 -6.37288169386451671E+01
   6.90075062552126752E+01  1.67370833454694065E+02 -7.55575909828982475E+01
   6.91075896580483686E+01  1.49369226304156001E+02 -6.94877438485249002E+01
   6.92076730608840620E+01  1.40965183065803046E+02 -4.98895908693925278E+01
   6.93077564637197554E+01  1.43288493942220612E+02 -2.85877112888720362E+01
   6.94078398665554488E+01  1.50203181101294547E+02 -1.78763841708678051E+01
   6.95079232693911564E+01  1.53085586013751850E+02 -2.32910991131961751E+01
   6.96080066722268498E+01  1.47173111268310834E+02 -4.06282160014604230E+01
   6.97080900750625432E+01  1.35141030379009635E+02 -5.89256673078702349E+01
   6.98081734778982508E+01  1.25483048902333664E+02 -6.72858369268265193E+01
   6.99082568807339300E+01  1.26829668694046575E+02 -6.12591014624095394E+01
   7.00083402835696376E+01  1.41934775379979811E+02 -4.51378790093065589E+01
   7.01084236864053310E+01  1.65132303788851999E+02 -2.91072091540423905E+01
   7.02085070892410243E+01  1.84836002219466934E+02 -2.30785230460624895E+01
   7.03085904920767319E+01  1.89647783338920107E+02 -3.07610920217962658E+01
   7.04086738949124111E+01  1.74631826130805166E+02 -4.73526314291737123E+01
   7.05087572977481187E+01  1.44314475644328297E+02 -6.22336436042199495E+01
   7.06088407005838121E+01  1.10783470005001433E+02 -6.52151538754193041E+01
   7.07089241034195197E+01  8.78109759011319824E+01 -5.27531884621695113E+01
   7.08090075062552131E+01  8.40078590519397181E+01 -3.03720003671882601E+01
   7.09090909090908923E+01  9.86974034760091996E+01 -9.63756566834682893E+00
   7.10091743119265999E+01  1.22880605543511365E+02 -1.37620099118451766E+00
   7.11092577147622933E+01  1.44663669662206331E+02 -9.30371267189025275E+00
   7.12093411175980009E+01  1.55674439048765720E+02 -2.79517843674299975E+01
   7.13094245204336943E+01  1.54586748113884994E+02 -4.59323571258233798E+01
   7.14095079232693877E+01  1.46213323575856037E+02 -5.23724670698120676E+01
   7.15095913261050811E+01  1.37538822149540380E+02 -4.28747317619447941E+01
   7.16096747289407745E+01  1.33332962217019031E+02 -2.19233885708598919E+01
   7.17097581317764821E+01  1.33557007681402183E+02 -4.45151350979119786E-01
   7.18098415346121755E+01  1.33790116779949926E+02  1.03664301571962056E+01
   7.19099249374478688E+01  1.28608879874363936E+02  5.57410237533359254E+00
   7.20100083402835622E+01  1.16066214332513908E+02 -1.06255702569523294E+01
   7.21100917431192556E+01  1.00225949757587230E+02 -2.75456434480740597E+01
   7.22101751459549632E+01  8.96684483249099173E+01 -3.44823018036831570E+01
   7.23102585487906566E+01  9.26183329894534637E+01 -2.69986619317098793E+01
   7.24103419516263500E+01  1.11648243397796321E+02 -9.38518027117696896E+00
   7.25104253544620434E+01  1.41141567370135022E+02  7.92867262047785459E+00
   7.26105087572977368E+01  1.69073516733084290E+02  1.44542666930969723E+01
   7.27105921601334444E+01  1.82405902610708893E+02  5.82632968249615146E+00
   7.28106755629691378E+01  1.73539824406519699E+02 -1.34131367606731615E+01
   7.29107589658048312E+01  1.44564784346682558E+02 -3.21564158216475349E+01
   7.30108423686405388E+01  1.06913680256553832E+02 -3.90466276178001479E+01
   7.31109257714762180E+01  7.62322089443434976E+01 -2.92115010638849100E+01
   7.32110091743119256E+01  6.48262926263152082E+01 -7.38157425405011480E+00
   7.33110925771476190E+01  7.56727047701969582E+01  1.46791611618393087E+01
   7.34111759799833123E+01  1.01467289923451034E+02  2.50259856638616149E+01
   7.35112593828190199E+01  1.29291452664803614E+02  1.84740301958161197E+01
   7.36113427856546991E+01  1.47896925157278645E+02 -6.00034733163761769E-01
   7.37114261884904067E+01  1.53110905310444622E+02 -2.10558284917863219E+01
   7.38115095913261001E+01  1.48556039653418537E+02 -3.14231963160999008E+01
   7.39115929941617935E+01  1.42046210863186019E+02 -2.62038839277629734E+01
   7.40116763969975011E+01  1.40208208165641395E+02 -8.71200683450554791E+00
   7.41117597998331803E+01  1.44309782845380852E+02  1.09628713974873087E+01
   7.42118432026688879E+01  1.49549630066873590E+02  2.18242013185717241E+01
   7.43119266055045813E+01  1.48461313649341804E+02  1.84409180349282629E+01
   7.44120100083402747E+01  1.36639224796780411E+02  4.13209753077735176E+00
   7.45120934111759823E+01  1.17017998171522351E+02 -1.12163614531151641E+01
   7.46121768140116615E+01  9.94393183162253393E+01 -1.73523511091466176E+01
   7.47122602168473691E+01  9.53573557515663452E+01 -9.94327361457879633E+00
   7.48123436196830625E+01  1.10893393938784683E+02  6.85551875610876760E+00
   7.49124270225187558E+01  1.42508754790661811E+02  2.28572335208472595E+01
   7.50125104253544635E+01  1.77848658553947473E+02  2.76972144107979155E+01
   7.51125938281901568E+01  2.01329568480989252E+02  1.67987272233506388E+01
   7.52126772310258502E+01  2.01654065465972849E+02 -5.69671502887260583E+00
   7.53127606338615436E+01  1.77599157882622336E+02 -2.86399151908181189E+01
   7.54128440366972370E+01  1.39181741226439698E+02 -3.95738134147320864E+01
   7.55129274395329446E+01  1.03291508183720552E+02 -3.16221658750475676E+01
   7.56130108423686380E+01  8.55371162918455070E+01 -7.73307407628236732E+00
   7.57130942452043314E+01  9.23893504830561341E+01  2.05250395701430435E+01
   7.58131776480400248E+01  1.18152954221897247E+02  3.93057608806715706E+01
   7.59132610508757182E+01  1.48751605788847542E+02  4.02432589884963363E+01
   7.60133444537114258E+01  1.69984847519299535E+02  2.48554334415258857E+01
   7.61134278565471192E+01  1.75090725371030402E+02  3.09110496726661044E+00
   7.62135112593828126E+01  1.67294342299776162E+02 -1.27436861625398219E+01
   7.63135946622185060E+01  1.56466722085288183E+02 -1.49362884606580781E+01
   7.64136780650541994E+01  1.52354335972664757E+02 -4.34332338306752419E+00
   7.65137614678899070E+01  1.58377534386440345E+02  1.06501573860657448E+01
   7.66138448707256003E+01  1.69517125899016662E+02  1.95331229659501098E+01
   7.67139282735612937E+01  1.75624008008511623E+02  1.63179185024003957E+01
   7.68140116763969871E+01  1.68340868254819753E+02  3.40492261465500157E+00
   7.69140950792326805E+01  1.47373388672544394E+02 -9.86745646137160293E+00
   7.70141784820683881E+01  1.21929758056158818E+02 -1.32186710647197998E+01
   7.71142618849040815E+01  1.06062313947494246E+02 -2.21319400666389443E+00
   7.72143452877397749E+01  1.10551444240314211E+02  1.84822063596220580E+01
   7.73144286905754683E+01  1.36214936214111987E+02  3.74107561732012854E+01
   7.74145120934111617E+01  1.72638994361424608E+02  4.27514738746881378E+01
   7.75145954962468693E+01  2.03057424314070801E+02  2.90722105237324548E+01
   7.76146788990825627E+01  2.12688823355483407E+02  7.00490790735463720E-01
   7.77147623019182703E+01  1.96203010500807125E+02 -3.00302152511444120E+01
   7.78148457047539495E+01  1.60589135978915238E+02 -4.88349868515447767E+01
   7.79149291075896429E+01  1.21897705211908558E+02 -4.68687179470375384E+01
   7.80150125104253505E+01  9.72604294710372557E+01 -2.55426757634403891E+01
   7.81150959132610438E+01  9.62243226909632199E+01  4.12968004679410328E+00
   7.82151793160967514E+01  1.16226487013566597E+02  2.75224127897844824E+01
   7.83152627189324448E+01  1.44825435615251735E+02  3.42250313593799049E+01
   7.84153461217681240E+01  1.67142043635770449E+02  2.30881137229360149E+01
   7.85154295246038316E+01  1.73898334760446204E+02  1.85581465175607119E+00
   7.86155129274395250E+01  1.65587002465199220E+02 -1.79026845771597891E+01
   7.87155963302752326E+01  1.50938239389980481E+02 -2.74709301831858497E+01
   7.88156797331109260E+01  1.40925153471297619E+02 -2.56335697544763512E+01
   7.89157631359466052E+01  1.41756936884353195E+02 -1.87471648359871850E+01
   7.90158465387823128E+01  1.50976857817568032E+02 -1.61006577043226962E+01
   7.91159299416180062E+01  1.59236058685479975E+02 -2.33185415923150750E+01
   7.92160133444537138E+01  1.56826605733695942E+02 -3.80885537040110336E+01
   7.93160967472894072E+01  1.40758272367036682E+02 -5.12081785594195154E+01
   7.94161801501250864E+01  1.17604216467379914E+02 -5.24608246462438288E+01
   7.95162635529607940E+01  1.00083354146949105E+02 -3.75725710544122649E+01
   7.96163469557964874E+01  9.94557092649014294E+01 -1.17357766127193486E+01
   7.97164303586321950E+01  1.18471008985770027E+02  1.26106929856947083E+01
   7.98165137614678883E+01  1.49169637002796179E+02  2.24561123349377212E+01
   7.99165971643035817E+01  1.76801040731725493E+02  1.14579985600478089E+01
   8.00166805671392751E+01  1.87591213723896260E+02 -1.63101787725886496E+01
   8.01167639699749685E+01  1.76078738644187780E+02 -4.81575482509386674E+01
   8.02168473728106761E+01  1.48051684698821475E+02 -6.92422631866055127E+01
   8.03169307756463695E+01  1.17418709175002505E+02 -7.03151906750234446E+01
   8.04170141784820629E+01  9.86144786972402869E+01 -5.24623804728695404E+01
   8.05170975813177563E+01  9.87993258421435030E+01 -2.60737262708303952E+01
   8.06171809841534497E+01  1.14431725621228892E+02 -4.66163889694784572E+00
   8.07172643869891573E+01  1.34160319413240273E+02  2.67073080506750893E+00
   8.08173477898248507E+01  1.46008147938805280E+02 -4.35148656606012185E+00
   8.09174311926605441E+01  1.44327759956486545E+02 -1.81255068518539773E+01
   8.10175145954962375E+01  1.32527244294633817E+02 -2.84644488550155579E+01
   8.11175979983319309E+01  1.20301388123283331E+02 -2.89303070472155888E+01
   8.12176814011676385E+01  1.17198027227555258E+02 -2.05669928818251329E+01
   8.13177648040033318E+01  1.26329659772480966E+02 -1.09193759394695711E+01
   8.14178482068390252E+01  1.42019383908339876E+02 -8.92047745128296654E+00
   8.15179316096747186E+01  1.52969251426490956E+02 -1.87362767473370901E+01
   8.16180150125104120E+01  1.49228251308427019E+02 -3.64065526123577783E+01
   8.17180984153461196E+01  1.28832751255320403E+02 -5.15299987044647096E+01
   8.18181818181818130E+01  1.00003061888081831E+02 -5.32425236356705440E+01
   8.19182652210175064E+01  7.72240288270903790E+01 -3.70497091470473237E+01
   8.20183486238532140E+01  7.31544012077493164E+01 -8.28009679081239192E+00
   8.21184320266888932E+01  9.10810247799592787E+01  2.02362378402956864E+01
   8.22185154295246008E+01  1.22590387997930634E+02  3.50734857356902481E+01
   8.23185988323602942E+01  1.51953148550911408E+02  2.95955967942686939E+01
   8.24186822351959876E+01  1.64576010551510677E+02  7.54098681915452573E+00
   8.25187656380316952E+01  1.54666209662205659E+02 -1.90601036471398970E+01
   8.26188490408673744E+01  1.28037539917580659E+02 -3.63466530307976257E+01
   8.27189324437030820E+01  9.87334633150056931E+01 -3.59694752704132839E+01
   8.28190158465387753E+01  8.13088555854102282E+01 -1.93551169009775883E+01
   8.29190992493744687E+01  8.29479945772377931E+01  3.53812451145610263E+00
   8.30191826522101763E+01  9.99097902357844703E+01  2.03083942204370160E+01
   8.31192660550458555E+01  1.20405321130486342E+02  2.33671807972330541E+01
   8.32193494578815631E+01  1.32028928156779244E+02  1.39236359608100617E+01
   8.33194328607172565E+01  1.29028250249405517E+02  4.59143883866605540E-01
   8.34195162635529499E+01  1.15080169614087524E+02 -7.00104849887611280E+00
   8.35195996663886575E+01  1.00313184806346314E+02 -3.12742091898227903E+00
   8.36196830692243509E+01  9.47395607097874120E+01  9.60943145471780369E+00
   8.37197664720600443E+01  1.02046696178201927E+02  2.26023115743131697E+01
   8.38198498748957377E+01  1.17268908417949632E+02  2.64879934638720371E+01
   8.39199332777314311E+01  1.29685163904032038E+02  1.71340392800518799E+01
   8.40200166805671387E+01  1.29379616349331030E+02 -1.33701320741077923E+00
   8.41201000834028321E+01  1.13656986594336445E+02 -1.85173611718034756E+01
   8.42201834862385255E+01  8.93051609993539586E+01 -2.37716858941146327E+01
   8.43202668890742189E+01  6.90239877676876006E+01 -1.27885344386108439E+01
   8.44203502919099122E+01  6.40173572938110595E+01  9.51129437895576579E+00
   8.45204336947456198E+01  7.73130451388638988E+01  3.15931812882635263E+01
   8.46205170975813132E+01  1.01889603990228323E+02  4.17959254236493223E+01
   8.47206005004170066E+01  1.24556851418426604E+02  3.47728689790128271E+01
   8.48206839032527000E+01  1.33163759536318338E+02  1.43271337289484819E+01
   8.49207673060883934E+01  1.23159044784860811E+02 -8.72969648190746028E+00
   8.50208507089241010E+01  1.00082388668051095E+02 -2.25356207686620706E+01
   8.51209341117597944E+01  7.65499462777579822E+01 -2.08420893895785824E+01
   8.52210175145955020E+01  6.51157864988084043E+01 -6.59596183438932915E+00
   8.53211009174311812E+01  7.09958931238307258E+01  9.93075940839150917E+00
   8.54211843202668746E+01  8.91654563520199588E+01  1.75173242931464159E+01
   8.55212677231025822E+01  1.07726642093945230E+02  1.08568504359308537E+01
   8.56213511259382756E+01  1.15300371572020538E+02 -6.43076634531795044E+00
   8.57214345287739832E+01  1.07716470134442332E+02 -2.42858166807139391E+01
   8.58215179316096624E+01  9.01061079058977583E+01 -3.23805115084697803E+01
   8.59216013344453557E+01  7.35190207071669590E+01 -2.62325848238709121E+01
   8.60216847372810633E+01  6.82313301766052831E+01 -9.82227703206562808E+00
   8.61217681401167567E+01  7.75714854335339652E+01  6.74084390183417259E+00
   8.62218515429524643E+01  9.58319606786022291E+01  1.32335199457936934E+01
   8.63219349457881435E+01  1.11637141280971065E+02  5.53433721517990485E+00
   8.64220183486238369E+01  1.14895933129725876E+02 -1.17714740588712026E+01
   8.65221017514595445E+01  1.03105310422214842E+02 -2.81300964157051787E+01
   8.66221851542952379E+01  8.30214625606865013E+01 -3.34957915299893116E+01
   8.67222685571309455E+01  6.65871289013107486E+01 -2.45343043250798623E+01
   8.68223519599666247E+01  6.36378700596077991E+01 -6.69250722406129217E+00
   8.69224353628023181E+01  7.59127101728553555E+01  9.10563549152299423E+00
   8.70225187656380257E+01  9.59954079650846097E+01  1.30379249474072161E+01
   8.71226021684737191E+01  1.11714786076165893E+02  2.24791051274350551E+00
   8.72226855713094267E+01  1.13312093365071803E+02 -1.74083474409634213E+01
   8.73227689741451201E+01  9.92082288041115845E+01 -3.46869996300757322E+01
   8.74228523769808135E+01  7.70577570656589899E+01 -3.94687028773016095E+01
   8.75229357798165069E+01  5.93864653723977369E+01 -2.87397889073535602E+01
   8.76230191826522002E+01  5.62310731133594572E+01 -8.46396603059476860E+00
   8.77231025854879078E+01  6.91578831469462756E+01  9.91701060033866000E+00
   8.78231859883236012E+01  9.03803839621010070E+01  1.62781294112519532E+01
   8.79232693911592946E+01  1.07520523896509886E+02  7.69839666345799856E+00
   8.80233527939949880E+01  1.10979334483831991E+02 -1.00987015750344522E+01
   8.81234361968306814E+01  9.94195925679382384E+01 -2.63993457282622792E+01
   8.82235195996663890E+01  8.02716536626112003E+01 -3.18855391629253297E+01
   8.83236030025020824E+01  6.51752033576519949E+01 -2.40194350782043387E+01
   8.84236864053377758E+01  6.30376781366259280E+01 -8.38897432719114988E+00
   8.85237698081734692E+01  7.46827494094428914E+01  4.78237255274870776E+00
   8.86238532110091626E+01  9.22948497394951204E+01  6.99945203076252920E+00
   8.87239366138448702E+01  1.04191591960591268E+02 -3.08108409494642954E+00
   8.88240200166805636E+01  1.02169622281844653E+02 -1.86303370542635491E+01
   8.89241034195162570E+01  8.68522052678909233E+01 -2.88516653512204613E+01
   8.90241868223519504E+01  6.75421047967489869E+01 -2.58586095844478088E+01
   8.91242702251876437E+01  5.65496214563280830E+01 -9.84276515736936553E+00
   8.92243536280233513E+01  6.15502499452781606E+01  1.07957901726726053E+01
   8.93244370308590447E+01  8.07656632221361122E+01  2.44242809470655438E+01
   8.94245204336947381E+01  1.03875535035816782E+02  2.31415348767912796E+01
   8.95246038365304315E+01  1.18007010050927761E+02  7.55281824496339471E+00
   8.96246872393661249E+01  1.15248740437378444E+02 -1.33946341290069579E+01
   8.97247706422018325E+01  9.73716919209113883E+01 -2.74510133364393170E+01
   8.98248540450375259E+01  7.49653288632672741E+01 -2.61775998895329032E+01
   8.99249374478732193E+01  6.12997767127175379E+01 -9.98028927784642583E+00
   9.00250208507089127E+01  6.44460201589858173E+01  1.21023823087700215E+01
   9.01251042535446061E+01  8.25043661132509953E+01  2.78556502689340775E+01
   9.02251876563803137E+01  1.04933278113066919E+02  2.91707215078631954E+01
   9.03252710592160071E+01  1.19002999154116523E+02  1.66035652751397826E+01
   9.04253544620517005E+01  1.17230516982012233E+02 -1.37687389756039780E+00
   9.05254378648874081E+01  1.01413256272968042E+02 -1.36523606288499977E+01
   9.06255212677230872E+01  8.12224056664847893E+01 -1.29711668809976590E+01
   9.07256046705587949E+01  6.84096015501675936E+01 -3.36430619477497694E-02
   9.08256880733944882E+01  6.99583370100204149E+01  1.71016777984566630E+01
   9.09257714762301816E+01  8.40946350909538864E+01  2.79615682694863246E+01
   9.10258548790658892E+01  1.01540360974387539E+02  2.60459136047791624E+01
   9.11259382819015684E+01  1.11278406711360788E+02  1.27510370416630749E+01
   9.12260216847372760E+01  1.07259894222756316E+02 -3.59538310094129132E+00
   9.13261050875729694E+01  9.19274237586441814E+01 -1.29100142588516231E+01
   9.14261884904086628E+01  7.45265873944017017E+01 -9.47702680006295672E+00
   9.15262718932443704E+01  6.54006963125930838E+01  4.68018350410247042E+00
   9.16263552960800496E+01  6.97633635992065422E+01  2.11059115282960441E+01
   9.17264386989157572E+01  8.46225921283474065E+01  3.00474459312715112E+01
   9.18265221017514506E+01  1.00641015793418077E+02  2.63526508298168416E+01
   9.19266055045871440E+01  1.07824642004816084E+02  1.26010973832605924E+01
   9.20266889074228516E+01  1.01629387548831659E+02 -2.46526955019796867E+00
   9.21267723102585450E+01  8.57458883421609954E+01 -9.31880320780383187E+00
   9.22268557130942384E+01  6.98042486921812610E+01 -3.53911642718694663E+00
   9.23269391159299317E+01  6.34130269606830339E+01  1.14613949437105624E+01
   9.24270225187656251E+01  7.02791445529575327E+01  2.65759868082174151E+01
   9.25271059216013327E+01  8.60616827604229542E+01  3.26016156661786241E+01
   9.26271893244370261E+01  1.01167292675010302E+02  2.57644733900143947E+01
   9.27272727272727195E+01  1.06601832872715164E+02  9.83976470928118729E+00
   9.28273561301084129E+01  9.92607011054944337E+01 -6.25103021932236036E+00
   9.29274395329441063E+01  8.35754683669329381E+01 -1.37793505821602533E+01
   9.30275229357798139E+01  6.86874970769517716E+01 -9.28619026896558708E+00
   9.31276063386155073E+01  6.29124147842254899E+01  3.55083083336909278E+00
   9.32276897414512007E+01  6.87950966397085324E+01  1.63072692601801350E+01
   9.33277731442868941E+01  8.16979182336670675E+01  2.09980799410699852E+01
   9.34278565471225875E+01  9.27606873800532838E+01  1.49185008543010778E+01
   9.35279399499582951E+01  9.44209660227700596E+01  2.19639021681029512E+00
   9.36280233527939885E+01  8.51130626717321377E+01 -8.88339537162422310E+00
   9.37281067556296819E+01  7.02541692845429822E+01 -1.11322287554156549E+01
   9.38281901584653752E+01  5.88848493184669977E+01 -3.03936967476879172E+00
   9.39282735613010686E+01  5.80090571311416667E+01  1.01881299522313604E+01
   9.40283569641367762E+01  6.81414441810334068E+01  1.98168459273299540E+01
   9.41284403669724696E+01  8.28496082772363138E+01  1.90418880724943094E+01
   9.42285237698081772E+01  9.25889345897346345E+01  7.31979376128158865E+00
   9.43286071726438564E+01  9.04867031040061534E+01 -9.07858254125139474E+00
   9.44286905754795640E+01  7.66022762950700837E+01 -2.06353053021090567E+01
   9.45287739783152574E+01  5.81350718386189627E+01 -2.01865013586916362E+01
   9.46288573811509508E+01  4.54016715518288692E+01 -7.28606819889946600E+00
   9.47289407839866584E+01  4.58602612403297840E+01  1.12827209179415586E+01
   9.48290241868223376E+01  5.96867397368075885E+01  2.52540401641915473E+01
   9.49291075896580452E+01  7.95711877846946578E+01  2.67158257450729408E+01
   9.50291909924937386E+01  9.48530409675328201E+01  1.45593613971134062E+01
   9.51292743953294320E+01  9.74727795538389188E+01 -5.03270831616377468E+00
   9.52293577981651396E+01  8.62581847416720251E+01 -2.21699098917090041E+01
   9.53294412010008188E+01  6.72551142784009244E+01 -2.86982301025619364E+01
   9.54295246038365264E+01  5.01470436721071664E+01 -2.24478829330499288E+01
   9.55296080066722197E+01  4.28753841673281926E+01 -8.04622610654670112E+00
   9.56296914095079131E+01  4.74573810674529355E+01  6.04691194805531040E+00
   9.57297748123436207E+01  5.93385324363968465E+01  1.25295780469662166E+01
   9.58298582151793141E+01  7.05941604508646350E+01  9.29533960464459064E+00
   9.59299416180150075E+01  7.49227481198330025E+01  8.25703479845480010E-02
   9.60300250208507009E+01  7.12324751299236993E+01 -8.51410858177396612E+00
   9.61301084236863943E+01  6.36362920886754750E+01 -1.15406397382715369E+01
   9.62301918265221019E+01  5.81304412165175108E+01 -8.70004226642183731E+00
   9.63302752293577953E+01  5.83382992114274828E+01 -4.07304849142184899E+00
   9.64303586321934887E+01  6.31001660595846516E+01 -2.94155709690761569E+00
   9.65304420350291821E+01  6.73650273476235952E+01 -7.87458637321805277E+00
   9.66305254378648755E+01  6.57666632738047667E+01 -1.66108255323693790E+01
   9.67306088407005831E+01  5.66107877930796590E+01 -2.31742860221012350E+01
   9.68306922435362765E+01  4.36473599991411234E+01 -2.16743792029954960E+01
   9.69307756463719699E+01  3.42680049391715045E+01 -1.04478716509520151E+01
   9.70308590492076632E+01  3.50556355724356976E+01  6.21257131386284112E+00
   9.71309424520433566E+01  4.74643007595704631E+01  2.00527735935160329E+01
   9.72310258548790642E+01  6.64346334603497155E+01  2.34524922259433097E+01
   9.73311092577147576E+01  8.28633083301522078E+01  1.38160675777610962E+01
   9.74311926605504510E+01  8.84345439096180996E+01 -4.83031661877174212E+00
   9.75312760633861444E+01  8.00334625976180831E+01 -2.38548107035196786E+01
   9.76313594662218378E+01  6.13780262694738994E+01 -3.44546266622213366E+01
   9.77314428690575454E+01  4.10783785395790133E+01 -3.21300577142244137E+01
   9.78315262718932388E+01  2.81749414681700863E+01 -1.88501247934791039E+01
   9.79316096747289322E+01  2.75449284909525076E+01 -1.75422867773225666E+00
   9.80316930775646256E+01  3.77064283721097055E+01  1.08589518012771151E+01
   9.81317764804003190E+01  5.21875769611336793E+01  1.39001433568618538E+01
   9.82318598832360266E+01  6.34627959858296720E+01  7.69669540289485177E+00
   9.83319432860717200E+01  6.69730203428814690E+01 -3.00960562773103169E+00
   9.84320266889074134E+01  6.29565382578185364E+01 -1.23107676776462984E+01
   9.85321100917431068E+01  5.53751060241349080E+01 -1.65041681256858368E+01
   9.86321934945788001E+01  4.89344820943799164E+01 -1.56888885282079329E+01
   9.87322768974145077E+01  4.61243641712463059E+01 -1.28851594352357086E+01
   9.88323603002502011E+01  4.60402362261556561E+01 -1.14255398689596159E+01
   9.89324437030858945E+01  4.56287280107153066E+01 -1.23860595857991935E+01
   9.90325271059216021E+01  4.24346198492703408E+01 -1.38142096726721970E+01
   9.91326105087572813E+01  3.68712209868569190E+01 -1.23076742927419041E+01
   9.92326939115929889E+01  3.23368199350369068E+01 -5.82270857904491557E+00
   9.93327773144286823E+01  3.30398859866177474E+01  4.30422116082594552E+00
   9.94328607172643757E+01  4.10109907530290059E+01  1.35655380683204854E+01
   9.95329441201000833E+01  5.42835230322075972E+01  1.66363990096302068E+01
   9.96330275229357625E+01  6.74088549524055907E+01  1.04505866331589043E+01
   9.97331109257714701E+01  7.40506039378732339E+01 -3.78616489557587066E+00
   9.98331943286071635E+01  7.02569099153597421E+01 -2.07928083099625987E+01
   9.99332777314428569E+01  5.66588810340615510E+01 -3.35791645166749646E+01
   1.00033361134278564E+02  3.83937320301072305E+01 -3.67913147730142214E+01
   1.00133444537114244E+02  2.27408273801832195E+01 -2.92986569715231653E+01
   1.00233527939949951E+02  1.56897395825453572E+01 -1.46692975434487067E+01
   1.00333611342785645E+02  1.92323323010770650E+01  6.71507628903637244E-01
   1.00433694745621338E+02  3.07296232626129573E+01  1.05553925907649671E+01
   1.00533778148457046E+02  4.45295392918990700E+01  1.18055651254684513E+01
   1.00633861551292725E+02  5.48350263893138319E+01  5.27764642113954263E+00
   1.00733944954128432E+02  5.82905757960439317E+01 -5.12262312148390730E+00
   1.00834028356964126E+02  5.50518235775404392E+01 -1.47319486186010256E+01
   1.00934111759799819E+02  4.79829923053117184E+01 -2.04239247152430075E+01
   1.01034195162635527E+02  4.06345357472967450E+01 -2.17036215784073292E+01
   1.01134278565471220E+02  3.52756104037885834E+01 -2.01610136811238760E+01
   1.01234361968306914E+02  3.21189669131727982E+01 -1.78478115660320569E+01
   1.01334445371142607E+02  3.00304810911500191E+01 -1.57632397148066730E+01
   1.01434528773978315E+02  2.80184480278464036E+01 -1.34441845119516294E+01
   1.01534612176814008E+02  2.63447853418960527E+01 -9.80675803410248648E+00
   1.01634695579649701E+02  2.64718701723437206E+01 -4.51295442772223598E+00
   1.01734778982485395E+02  2.99186259010193467E+01  1.16950899593277580E+00
   1.01834862385321088E+02  3.68290804994010799E+01  4.66159505522662432E+00
   1.01934945788156796E+02  4.52339505903370238E+01  3.41752035329889337E+00
   1.02035029190992489E+02  5.15745394116863238E+01 -3.44290134537468706E+00
   1.02135112593828183E+02  5.23200248791381597E+01 -1.41910157885624777E+01
   1.02235195996663876E+02  4.58546458649742306E+01 -2.48685111363770481E+01
   1.02335279399499569E+02  3.36112455815459583E+01 -3.09108679299364795E+01
   1.02435362802335277E+02  1.97885114524470858E+01 -2.92627837005837073E+01
   1.02535446205170970E+02  9.69064137269745274E+00 -1.99529125850120472E+01
   1.02635529608006664E+02  7.40681334116807122E+00 -6.31865063040699493E+00
   1.02735613010842371E+02  1.39055729280091693E+01  6.31711273547597241E+00
   1.02835696413678050E+02  2.64898639584209370E+01  1.29676553231597396E+01
   1.02935779816513758E+02  3.99447693755273434E+01  1.12120043549821400E+01
   1.03035863219349451E+02  4.88647930866497049E+01  2.23124595315427188E+00
   1.03135946622185145E+02  5.00266505836596878E+01 -9.86022420626152574E+00
   1.03236030025020852E+02  4.36537955636098829E+01 -2.00202957246764015E+01
   1.03336113427856532E+02  3.30123018208720183E+01 -2.45845105612833912E+01
   1.03436196830692239E+02  2.26378703148422424E+01 -2.27300629790521462E+01
   1.03536280233527933E+02  1.61631531039782246E+01 -1.64433955579940800E+01
   1.03636363636363626E+02  1.48581596683668646E+01 -9.14520820148261038E+00
   1.03736447039199334E+02  1.75408479739206484E+01 -3.82480298720451151E+00
   1.03836530442035013E+02  2.17168414566214381E+01 -1.72575090641504358E+00
   1.03936613844870720E+02  2.51481197165728041E+01 -2.20460276059404015E+00
   1.04036697247706428E+02  2.69195779867420484E+01 -3.64643867213221506E+00
   1.04136780650542107E+02  2.74907063213847458E+01 -4.73774336962267029E+00
   1.04236864053377801E+02  2.78731399424408863E+01 -5.28233868209634760E+00
   1.04336947456213494E+02  2.85732632206967239E+01 -6.10226836776986392E+00
   1.04437030859049202E+02  2.90324690502449023E+01 -8.15675957708440436E+00
   1.04537114261884895E+02  2.79549090835977445E+01 -1.15064131969683086E+01
   1.04637197664720588E+02  2.43281644434268927E+01 -1.48603791707148147E+01
   1.04737281067556296E+02  1.84648443496073043E+01 -1.60899406091657013E+01
   1.04837364470391989E+02  1.23271611433487980E+01 -1.34785921793325585E+01
   1.04937447873227683E+02  8.79367866297334011E+00 -6.98017797592207057E+00
   1.05037531276063390E+02  1.01617560118265349E+01  1.32751930003146978E+00
   1.05137614678899084E+02  1.66976009140778245E+01  8.00667890925044468E+00
   1.05237698081734763E+02  2.61347867058170813E+01  9.95218939117188661E+00
   1.05337781484570456E+02  3.45580878027564040E+01  6.10718896759758412E+00
   1.05437864887406164E+02  3.83019127766162057E+01 -1.81902074949427561E+00
   1.05537948290241857E+02  3.58407780862842955E+01 -1.01208476189493108E+01
   1.05638031693077551E+02  2.86010670363232613E+01 -1.49789213323158776E+01
   1.05738115095913258E+02  2.02185006060170949E+01 -1.44288894612457952E+01
   1.05838198498748952E+02  1.46286154777110298E+01 -9.33509962521989678E+00
   1.05938281901584645E+02  1.40161644851807399E+01 -2.82986873885732093E+00
   1.06038365304420353E+02  1.77387273633123854E+01  1.48653637853625731E+00
   1.06138448707256046E+02  2.28306027190399128E+01  1.59156980755812993E+00
   1.06238532110091725E+02  2.58187645865022439E+01 -1.84063255719980190E+00
   1.06338615512927419E+02  2.48053331919544640E+01 -5.92122463797010656E+00
   1.06438698915763126E+02  2.05780979193914426E+01 -7.36017323882384567E+00
   1.06538782318598820E+02  1.60799813139889203E+01 -4.51976730366564894E+00
   1.06638865721434513E+02  1.45709940472369937E+01  1.53923644091078571E+00
   1.06738949124270221E+02  1.76075913324430289E+01  7.64334737933019426E+00
   1.06839032527105914E+02  2.40464327153525197E+01  1.03590384468726988E+01
   1.06939115929941607E+02  3.06417810834676949E+01  8.01645141912005421E+00
   1.07039199332777315E+02  3.38785664359599750E+01  1.73984132712324491E+00
   1.07139282735613008E+02  3.19990801184356997E+01 -5.10793881002829142E+00
   1.07239366138448716E+02  2.60676133042066986E+01 -8.78531800679038888E+00
   1.07339449541284381E+02  1.94177720353097811E+01 -7.30825930623499165E+00
   1.07439532944120089E+02  1.57350433321686118E+01 -1.60812074572801778E+00
   1.07539616346955782E+02  1.68847554411441223E+01  5.03393102665194547E+00
   1.07639699749791475E+02  2.18281807755172110E+01  8.97359350397944944E+00
   1.07739783152627183E+02  2.73179852617023542E+01  8.38779898734325080E+00
   1.07839866555462876E+02  2.99330084566254797E+01  4.30845107337399380E+00
   1.07939949958298584E+02  2.81934967355544224E+01 -9.80840392064494249E-02
   1.08040033361134277E+02  2.34897267929024274E+01 -1.54756478852485735E+00
   1.08140116763969971E+02  1.92599651921419976E+01  1.24474668977971414E+00
   1.08240200166805678E+02  1.88422195057878312E+01  6.62453192815630754E+00
   1.08340283569641343E+02  2.32390893527369009E+01  1.09058601736273975E+01
   1.08440366972477051E+02  3.02253450010788924E+01  1.07048879881596779E+01
   1.08540450375312744E+02  3.55152795963183010E+01  5.28459506450240823E+00
   1.08640533778148438E+02  3.53874017904292231E+01 -2.65803343225747080E+00
   1.08740617180984145E+02  2.91359154761305064E+01 -8.38623665442152344E+00
   1.08840700583819839E+02  1.97741517900139101E+01 -7.90444230367441314E+00
   1.08940783986655546E+02  1.25067987210561178E+01 -4.47202324192548739E-01
   1.09040867389491240E+02  1.18310393868564336E+01  1.08190715337687617E+01
   1.09140950792326933E+02  1.89137380055935758E+01  2.03450166345591619E+01
   1.09241034195162641E+02  3.07624041006292792E+01  2.31974229826931690E+01
   1.09341117597998334E+02  4.17511287434651450E+01  1.78472009394445443E+01
   1.09441201000834013E+02  4.67242157443868678E+01  7.10274807487211746E+00
   1.09541284403669707E+02  4.38997692698866970E+01 -3.45354689636930789E+00
   1.09641367806505400E+02  3.58112330285123193E+01 -8.66946827365581818E+00
   1.09741451209341108E+02  2.76753528025491597E+01 -6.74634375988403967E+00
   1.09841534612176801E+02  2.41853538167543149E+01 -8.78218300590986600E-02
   1.09941618015012509E+02  2.67329492985165018E+01  6.42267237347134934E+00
   1.10041701417848202E+02  3.27774058594309707E+01  8.58901871033099518E+00
   1.10141784820683895E+02  3.76958557516463770E+01  5.50195442491737996E+00
   1.10241868223519603E+02  3.79274881975099021E+01 -3.40210650617007379E-02
   1.10341951626355296E+02  3.33771126703119378E+01 -3.51454389972045300E+00
   1.10442035029190990E+02  2.75210479488992803E+01 -1.89081774038726103E+00
   1.10542118432026669E+02  2.50915044690979876E+01  4.18777807059114693E+00
   1.10642201834862362E+02  2.87840348871013134E+01  1.05809692117201877E+01
   1.10742285237698070E+02  3.71637313102469591E+01  1.23033982235959485E+01
   1.10842368640533763E+02  4.52623629016705706E+01  6.94481837204769104E+00
   1.10942452043369471E+02  4.76084881757742764E+01 -3.40906590069546622E+00
   1.11042535446205164E+02  4.17947400834870493E+01 -1.31038484408916673E+01
   1.11142618849040858E+02  3.02981599756096713E+01 -1.62094827898252838E+01
   1.11242702251876565E+02  1.93432807566145293E+01 -1.01972578289091853E+01
   1.11342785654712259E+02  1.53902885873915629E+01  2.24906285055598776E+00
   1.11442869057547952E+02  2.12786080172244887E+01  1.44773557952828913E+01
   1.11542952460383631E+02  3.43487589610888762E+01  1.95620662239462710E+01
   1.11643035863219339E+02  4.77686467706045548E+01  1.43190782061394408E+01
   1.11743119266055032E+02  5.43639523757586787E+01  1.22166922476730022E+00
   1.11843202668890726E+02  5.06873489865148059E+01 -1.29658851911853077E+01
   1.11943286071726433E+02  3.89078313163597116E+01 -2.10175195812576128E+01
   1.12043369474562127E+02  2.54520498662002268E+01 -1.92518167851253494E+01
   1.12143452877397820E+02  1.72793339592883619E+01 -9.39229551266314822E+00
   1.12243536280233528E+02  1.80255601112918917E+01  2.71099690777342950E+00
   1.12343619683069221E+02  2.62556000534958187E+01  1.06246017493297007E+01
   1.12443703085904914E+02  3.67449978455118753E+01  1.09532535263869288E+01
   1.12543786488740622E+02  4.38517597382032562E+01  4.88531754042796074E+00
   1.12643869891576301E+02  4.47987316331441789E+01 -3.11924507200575496E+00
   1.12743953294411995E+02  4.08698615323512939E+01 -8.45789982225005765E+00
   1.12844036697247688E+02  3.59687204531283555E+01 -9.22791982908399078E+00
   1.12944120100083396E+02  3.36869077643531369E+01 -7.02018778531219478E+00
   1.13044203502919089E+02  3.48869949832139028E+01 -5.32928204976728015E+00
   1.13144286905754782E+02  3.73482941387023288E+01 -6.79079223594510317E+00
   1.13244370308590490E+02  3.76105504960718875E+01 -1.11618428654595601E+01
   1.13344453711426183E+02  3.36935094351904283E+01 -1.54135419251554442E+01
   1.13444537114261877E+02  2.67986622634959666E+01 -1.58684040524703924E+01
   1.13544620517097584E+02  2.07874400481311170E+01 -1.09281711790601701E+01
   1.13644703919933264E+02  1.97278050269304188E+01 -2.51948774116711771E+00
   1.13744787322768957E+02  2.51103882606946094E+01  4.78013808131530737E+00
   1.13844870725604650E+02  3.45820390700193059E+01  6.44498656416145721E+00
   1.13944954128440358E+02  4.30751697102606101E+01  8.38537993333731246E-01
   1.14045037531276051E+02  4.56837410636467212E+01 -9.60523568748434542E+00
   1.14145120934111745E+02  4.05474887814560816E+01 -1.96134524190025559E+01
   1.14245204336947452E+02  3.00120051797564713E+01 -2.40047022651472233E+01
   1.14345287739783146E+02  1.93722758664013561E+01 -2.06012014632192724E+01
   1.14445371142618839E+02  1.39292441865654126E+01 -1.14292786613133792E+01
   1.14545454545454547E+02  1.60723121377870619E+01 -1.52333731750022139E+00
   1.14645537948290240E+02  2.40772831057510217E+01  3.93765121506870974E+00
   1.14745621351125919E+02  3.32680239225982675E+01  2.45039892844624374E+00
   1.14845704753961613E+02  3.87564129432853903E+01 -4.66911281121639199E+00
   1.14945788156797320E+02  3.80726804404361587E+01 -1.33622416155317829E+01
   1.15045871559633014E+02  3.21932211995523403E+01 -1.93097005113082538E+01
   1.15145954962468707E+02  2.45536050046002963E+01 -2.02635125139966412E+01
   1.15246038365304415E+02  1.88368284492723461E+01 -1.69315061497391603E+01
   1.15346121768140108E+02  1.69346640759994003E+01 -1.20884619462876461E+01
   1.15446205170975816E+02  1.82304292135493249E+01 -8.63928076591738403E+00
   1.15546288573811509E+02  2.04651387401147069E+01 -7.90234117293828664E+00
   1.15646371976647202E+02  2.14672310133022854E+01 -9.13233870935029302E+00
   1.15746455379482910E+02  2.05504348647825665E+01 -1.04321725832873504E+01
   1.15846538782318575E+02  1.87137308297297444E+01 -1.02913782568001952E+01
   1.15946622185154283E+02  1.76560482216726591E+01 -8.65420279436939666E+00
   1.16046705587989976E+02  1.84032066141837163E+01 -6.85170220743571345E+00
   1.16146788990825669E+02  2.05128355289609594E+01 -6.55542152581548798E+00
   1.16246872393661377E+02  2.23454353811401489E+01 -8.53176081032572498E+00
   1.16346955796497070E+02  2.21608007731639667E+01 -1.20336660589100646E+01
   1.16447039199332778E+02  1.92927305399518687E+01 -1.52033292818260666E+01
   1.16547122602168471E+02  1.46422584906146245E+01 -1.62050392700978563E+01
   1.16647206005004165E+02  1.01823429709082180E+01 -1.43568346438274173E+01
   1.16747289407839872E+02  7.79820873760531885E+00 -1.05467234672472170E+01
   1.16847372810675537E+02  8.20102735586560350E+00 -6.68932200912373620E+00
   1.16947456213511245E+02  1.05812505632741303E+01 -4.59426836837461927E+00
   1.17047539616346938E+02  1.31693133254723520E+01 -4.96749798238078011E+00
   1.17147623019182632E+02  1.42981598720644634E+01 -7.13097119888135467E+00
   1.17247706422018339E+02  1.32961831667114776E+01 -9.55472511105598876E+00
   1.17347789824854033E+02  1.07151674744732457E+01 -1.08016856454070922E+01
   1.17447873227689740E+02  7.84656702214126067E+00 -1.02940244311911044E+01
   1.17547956630525434E+02  5.89558617379580507E+00 -8.48827264280386729E+00
   1.17648040033361127E+02  5.33245966776837843E+00 -6.43998017740136852E+00
   1.17748123436196835E+02  5.77132142611028343E+00 -5.09723911669385199E+00
   1.17848206839032528E+02  6.36859309267064155E+00 -4.78054109411252703E+00
   1.17948290241868207E+02  6.41811797130201267E+00 -5.13203622734557285E+00
   1.18048373644703901E+02  5.74528772325223258E+00 -5.48517751726087877E+00
   1.18148457047539608E+02  4.69223506104300547E+00 -5.34913405499571315E+00
   1.18248540450375302E+02  3.78135318879137872E+00 -4.68225338613713493E+00
   1.18348623853210995E+02  3.33299400610149643E+00 -3.82240238700640322E+00
   1.18448707256046703E+02  3.29056232489497402E+00 -3.18501001196914402E+00
   1.18548790658882396E+02  3.32684744481628503E+00 -2.96691521070802988E+00
   1.18648874061718089E+02  3.11198672276710431E+00 -3.04754682597614757E+00
   1.18748957464553797E+02  2.53929791615068545E+00 -3.11859926143929789E+00
   1.18849040867389490E+02  1.76605289709842839E+00 -2.91849373796919886E+00
   1.18949124270225170E+02  1.07218534208040728E+00 -2.39801798358107954E+00
   1.19049207673060863E+02  6.62004451695961893E-01 -1.71804722953472422E+00
   1.19149291075896571E+02  5.51399336600199463E-01 -1.11096909549937961E+00
   1.19249374478732264E+02  5.99030369337844038E-01 -7.24329184397867532E-01
   1.19349457881567957E+02  6.30719756107245733E-01 -5.54058679751228800E-01
   1.19449541284403665E+02  5.53564311994732994E-01 -4.91156458637970528E-01
   1.19549624687239358E+02  3.86369209017847159E-01 -4.22878346560693841E-01
   1.19649708090075052E+02  2.07964064313612751E-01 -3.05678655940552824E-01
   1.19749791492910759E+02  8.23989497282243549E-02 -1.67395382482567273E-01
   1.19849874895746453E+02  2.16710537658370388E-02 -5.85397559271764178E-02
   1.19949958298582146E+02  1.96530207202529018E-03 -5.92134533122441135E-03
# pulse generated by run 2474 (HOL00302)
